rep,id,eta_beta_exp,eta_p,eta_rho,eta_phi_power,eta_delta_0,eta_t00,eta_TT,eta_I_rho,Classification,Group
1,569,0.398085601806225,-0.0383087047658821,0.0241552569876832,-0.0558824039388471,0.0101021633955659,1.08087505617158,-0.0671443625984487,-0.302500144880584,Viral Rebound,1
2,569,0.572083558850141,0.023397765165429,0.517010754564716,0.151356018097863,-0.118035837029521,1.4717237589164,0.732297125903392,0.237540657051005,Viral Rebound,1
3,569,0.0969151469391092,-0.0251486581662823,0.558601135554805,-0.0927516223011238,0.305334066831561,0.412692897186242,0.0790843688680508,-0.60431420922438,Viral Rebound,1
4,569,0.392342537713943,-0.0568352274039133,-0.0632780585985649,0.126892604284963,0.0408294844314125,0.620168591957603,0.107468590826544,0.597137517100449,Viral Rebound,1
5,569,-0.501187817550658,0.00125769565249582,0.547506149705079,0.0824071731673561,-0.14332296598349,0.974835922005524,0.190226373814448,-1.16705944605749,Viral Rebound,1
6,569,0.266091526067518,0.00146561786711738,-0.582027865422365,0.0489181566090631,-0.202640394341919,0.0048446263060707,0.102059522026103,1.42511124514372,Viral Rebound,1
7,569,0.165220126176734,0.0169047264280544,0.207916746440316,-0.00599723585430386,0.0322829449927634,0.721410598611684,-0.025624876698819,0.659845692852753,Viral Rebound,1
8,569,-0.318245141968085,-0.055076841018659,0.652640302641056,-0.0337456352310523,0.129443524899402,0.319748467497389,-0.38355570887608,0.932808366574463,Viral Rebound,1
9,569,-0.357323439204422,0.00160332851863646,-0.452003533251909,0.0882189079637346,-0.1241436983678,0.0506500301351327,-0.0880407665148542,1.31319827076321,Viral Rebound,1
10,569,0.586286980606878,-0.0125495712270063,0.207989301964666,-0.0614515858933121,0.0262058431684491,0.23335762669247,0.42091078079634,0.916589147999296,Viral Rebound,1
1,659,0.150799245900381,0.01521992789326,0.455497436169023,-0.0285535944361015,0.47618292091953,-0.84655409058341,0.459802707558875,0.686358879328014,Viral Rebound,1
2,659,-0.594250310814573,-0.00734864820328345,0.430185698207245,-0.00575305714653462,0.204188698137123,-0.274151591252288,0.436137751917128,-0.643218029592713,Viral Rebound,1
3,659,-0.725933842062929,0.0381705862243121,0.0284094573933601,-0.0124096577130103,0.309594559496597,-0.44836801085724,0.312625053158041,0.354907033814211,Viral Rebound,1
4,659,-0.520604050766545,-0.0461452941071428,-1.75652678646439,-0.116112773512637,0.293066981480684,-0.353783992618113,0.265236064080842,0.258340725108838,Viral Rebound,1
5,659,-0.885676349132972,0.0380545601799991,0.153417610775889,-0.0331524160921785,0.397067848534491,-0.296746276113978,-0.0471184467413417,-0.647232283937624,Viral Rebound,1
6,659,-0.225848159608226,0.012593553808036,-1.15551653516173,0.0699568508214882,0.133698193237038,-0.204114907799149,0.210341926001333,-1.51231130770553,Viral Rebound,1
7,659,-0.316613069879517,0.0147173870667745,-1.55855263654075,-0.00314489873241598,0.387689066090936,0.225393565571682,0.210341926001333,-0.276294574102732,Viral Rebound,1
8,659,0.161944754603137,0.027748834898393,1.11756049375884,0.0762591269503007,0.183591714667479,-0.433946530447465,0.605805070525196,0.0714817820580452,Viral Rebound,1
9,659,-0.157139782370048,0.00918315555259034,-1.46198984442621,-0.0236841013354687,0.304899113545367,-0.481690297525909,0.247067997938724,-1.78733556540763,Viral Rebound,1
10,659,-0.941795106993527,0.0405412719826247,-0.270280097293721,-0.0578404610023818,0.0533457505141838,-0.0141297772221332,0.488514107531308,0.00483299179961533,Viral Rebound,1
1,687,0.532813087138665,0.0571879239129891,0.606337266616064,-0.0673063796839454,-0.0389869286167165,0.0740410562191914,-0.098549823126247,0.984822340450806,Viral Rebound,1
2,687,0.318439421962079,0.00538602860019572,1.41553582723146,-0.141447031466577,-0.0612132562876552,-0.0412116110494376,-0.0607505270597326,1.09848319899685,Viral Rebound,1
3,687,0.0650813780574742,-0.0209960525419079,0.231732584072028,-0.0847074211892852,-0.190747953820873,-0.198014857961034,-0.0250715910866419,1.67448110477788,Viral Rebound,1
4,687,-0.0921282914918433,0.0121675202461855,1.25250371593066,0.0495185693034015,-0.0187047412552046,0.291753898524412,-0.206087218510284,0.544233040706022,Viral Rebound,1
5,687,-0.108432956000173,0.00783361572176947,0.713545372072438,0.0344067792004548,0.0462249185041397,-0.590950387477451,-0.432730723691461,1.54172449524907,Viral Rebound,1
6,687,0.215203523254311,0.00232178993637846,1.74254104420517,0.0258864787175557,-0.109625234876489,0.246468971113812,-0.376339041488237,1.12938723052162,Viral Rebound,1
7,687,-0.0244241335623063,-0.0163982271452961,1.43003991174898,-0.00178635277548754,-0.194579591936796,0.0265685000693311,0.478008272329262,0.957733275775542,Viral Rebound,1
8,687,0.0136336660520104,-0.0112697313620585,-0.0805882358213474,-0.13099434461985,-0.139954082036753,-0.36290284384015,0.203433541560222,1.55078840312589,Viral Rebound,1
9,687,0.207856561151794,0.0410399048587903,0.654003927440091,-0.0968577367839703,0.0606630194372941,0.0595728559155465,-0.701338631566081,1.08939900034298,Viral Rebound,1
10,687,-0.618744387569173,0.0406732105205289,-0.252356271909199,-0.0763118123514071,0.061223211113575,-0.00786693112456213,-0.683709350910345,1.10381608097318,Viral Rebound,1
1,792,-0.702155678830174,-0.0252989254309438,-0.626108956135568,0.0107194773301432,0.0264275910533752,-0.459647026109258,-0.741407545786446,1.81724420553386,Viral Rebound,1
2,792,0.417905204049198,-0.0238430084943403,1.05508628116049,-0.124420477313359,0.150924507685117,-0.77413734492214,-0.306658558010756,0.449122945260584,Viral Rebound,1
3,792,-0.475477325729656,-0.0254236838138275,1.26634008244163,0.0918547881144138,0.195528214204909,1.30059494002942,-0.108883307420348,0.241682831648959,Viral Rebound,1
4,792,0.332257737219973,0.00502151446706275,1.54620715065241,0.11410781610516,0.602412375449738,-0.129090341852295,-0.0321118963760318,0.788945282669875,Viral Rebound,1
5,792,-0.702789636109885,0.0615038395959975,0.687804647155511,-0.0565963393429418,0.237275125216441,0.716196967944072,-0.522664239515441,-1.63991467194402,Viral Rebound,1
6,792,-0.180457319796011,0.00695470420429502,-0.328913405387796,-0.054532874800828,0.344196973184806,0.0935922248253698,-0.247667210652971,1.60400418592705,Viral Rebound,1
7,792,-0.23642869266496,-0.0378695247612076,0.343708928915531,-0.135405776459332,0.21685498578789,0.56430192525346,-0.138254688013752,0.864337534548382,Viral Rebound,1
8,792,-0.278450969185491,-0.0278456937693105,0.256493633368994,-0.00795402612248924,0.264169121250497,0.324785961893784,0.251606307779678,1.38683614646722,Viral Rebound,1
9,792,0.541451036681564,0.0276017138949934,2.32519947702654,-0.145761647372576,-0.0759819373859448,0.040292737702668,0.561874020310728,0.420734495537123,Viral Rebound,1
10,792,-0.071649045813296,-0.0156473428872847,1.25135264695094,-0.0729933391243157,0.208170954798073,-0.271727467923722,0.00360491757934361,0.695123920936551,Viral Rebound,1
1,883,-0.534720857142744,0.00952052069672674,-0.139753653510187,0.000927825905269382,0.324954344742218,-0.0496300423836862,0.110086909731736,0.257295550054823,Viral Rebound,1
2,883,-0.262108299037588,0.0915797822294334,0.160571909071387,0.0288451269095187,0.0646946209257766,1.21136287025936,0.0788575571426477,-1.69336418306999,Viral Rebound,1
3,883,-0.453938314832124,0.0106700862110489,-0.151399418434786,0.00211389087931902,0.216012081517056,0.724139722573744,-0.433656119793937,0.606031317396015,Viral Rebound,1
4,883,0.0345171145752015,-0.0490039764329354,-0.655437400963974,-0.00242772476010661,0.341253349418025,0.876506236186388,-0.245097125102832,-0.608014835119015,Viral Rebound,1
5,883,-0.342835354768541,0.0242565822665754,-0.355633144015947,-0.0608762408482452,0.359205107067802,0.873945006150298,-0.490702871577546,-1.45579114264438,Viral Rebound,1
6,883,0.257338809448596,0.0148590349226292,0.121016563562266,0.0402001240837973,0.145501545723848,-0.255638801320539,0.549423677422186,1.19335839085193,Viral Rebound,1
7,883,-0.00288077630165828,0.00919275911421214,-0.212064953539046,0.00817260223471946,0.389673073804038,0.321539344153618,-0.0225060320179262,-0.459442273187383,Viral Rebound,1
8,883,0.603132813411254,0.00296520955094659,-0.0757533252841621,0.0145312340341432,0.483730757189772,1.61733370940696,0.156841080499546,-0.447133256782142,Viral Rebound,1
9,883,-0.380271566260149,0.0520743808538406,0.00856980737699742,-0.0128463753395621,0.192748619871984,0.473911580545259,-0.169399641518156,-0.380725008465339,Viral Rebound,1
10,883,-0.0190989859980851,0.0401590845816568,0.870970161979352,0.0398469891404106,0.310107750229472,0.0868040671710093,0.0300022587607469,0.0921915663112033,Viral Rebound,1
1,900,0.21443129482767,0.0471042843656954,0.236747953241457,0.161933536997924,0.0575980817561239,-0.452402513586038,0.023211571383972,0.612078014594477,Viral Rebound,1
2,900,-0.0104895561001283,0.0120853049016667,0.232658853160843,-0.0428577076536287,0.0181232200115187,-0.541965767009631,-0.11872301230051,0.571294112189448,Viral Rebound,1
3,900,0.347166742946038,-0.0305039269070796,0.434969767608051,-0.030162259913763,-0.231539554652314,0.32640319304385,0.555946250306021,-0.763196561589408,Viral Rebound,1
4,900,0.261824509639526,-0.0739124313527146,-1.3306074483648,-0.040615555852614,-0.29923562712164,-0.0927765671678413,0.670167876506896,0.581518415656948,Viral Rebound,1
5,900,0.00920809753389701,-0.0166078702286107,-1.284275559141,-0.0605311741229788,-0.267585653343299,-0.105326999770557,0.097621019620166,-0.156039563275556,Viral Rebound,1
6,900,0.492915621744804,0.00606261952251868,-0.289236469073766,0.158916829948694,-0.149222646421664,-0.065177759284425,0.458189356204644,0.588778615037461,Viral Rebound,1
7,900,-0.467802082961542,-0.00787849984888151,-0.242998750006507,0.00337601144698495,0.0269467509472846,-0.996989153053318,-0.277613121923356,1.2534228717333,Viral Rebound,1
8,900,-0.73250857443695,-0.0740547918720121,0.132193014887142,0.0583509056856499,0.176753471387897,-0.0914313378021121,0.230233973557633,-1.28754152469681,Viral Rebound,1
9,900,-0.51996405828067,-0.004215274562058,-1.04968734871828,0.141405694268096,-0.218278322828496,-0.85355831784465,0.0750970085063285,1.51776240151177,Viral Rebound,1
10,900,0.294674776237998,-0.0433126721464177,1.87142070337646,-0.0693126980324848,0.0626802462192228,-0.321725953300551,0.48971703954904,-0.579029763351434,Viral Rebound,1
1,902,-0.114514224618286,0.0152210555849943,0.490012628327015,0.0107732898485038,-0.172351084505969,0.783281895438998,0.539483426717822,0.51410559778953,Viral Rebound,1
2,902,0.59739011824532,0.0222485883620965,0.110084612607622,0.166198091433366,-0.114098045459861,0.877487504917047,0.689111916876767,0.782738182830216,Viral Rebound,1
3,902,-0.327527491403872,0.0729963981859099,-0.712604556552906,-0.11400199154732,-0.132295006908878,0.786072150254013,0.344111793846883,0.672741127001232,Viral Rebound,1
4,902,-0.0225844914228154,0.0355850101351269,0.641671785614784,-0.0132237661651978,-0.0102822114091916,0.748795401472893,-0.389637462020441,0.356849077134315,Viral Rebound,1
5,902,0.457331035467014,0.00924711322621498,1.0033086213753,0.0511026070591238,0.170304817805279,0.584002443501608,0.112951940936105,0.623909146618694,Viral Rebound,1
6,902,-0.965764109728878,-0.0258532830153686,0.216898711133127,0.0445030390959398,0.0419583844615634,0.72896616631535,-0.186589559138637,0.245841098766214,Viral Rebound,1
7,902,-0.66435530720842,-0.0078267344680957,0.568185786577828,-0.0244441067414521,-0.099067701507904,0.534747570581913,-0.43776857712521,0.924654957753246,Viral Rebound,1
8,902,0.267949466613186,-0.00849027885125124,0.215553649166292,-0.135624525291795,-0.0407988243600779,0.797817167203102,-0.0598726207252672,0.739881742214167,Viral Rebound,1
9,902,-0.00685397502865658,0.0457033458623453,0.613846336288183,-0.00157229278122431,0.0893485786861421,0.857021733926042,-0.137031190498377,-0.125824596790877,Viral Rebound,1
10,902,0.165320178120093,0.0425129746521515,1.19687076712145,-0.0195723596871995,0.235570430460073,0.733709477528592,-0.583012705740092,0.161686249536179,Viral Rebound,1
1,903,0.891753697290166,0.0212290331985548,-1.07862857635183,-0.0139232173410897,0.183936192603698,-0.550182296949,-0.559522294655287,-0.526312427302374,Viral Rebound,1
2,903,0.343458311667425,-0.0295215016795241,-2.79809744171998,0.0524671952489344,0.444176928333839,-0.00746932502465802,-0.545573188509929,-0.434984703258036,Viral Rebound,1
3,903,0.630588869177095,-0.00112962679050107,0.499693578973092,-0.0253718118290533,0.546971692192932,0.00457132194075122,-0.483110810597148,1.3603431642286,Viral Rebound,1
4,903,0.409532612171138,-0.00420010445665903,-0.0368014109732848,0.033697419519238,0.40981694781044,-0.430319203071667,-1.17769639137649,-0.934132436803943,Viral Rebound,1
5,903,0.376010109102574,-0.0278904738040415,0.652576601708165,-0.107329648912399,0.42152745822244,0.490575188588501,-0.280950141728267,-0.41796439377676,Viral Rebound,1
6,903,0.208472228615711,-0.0165519834901471,-2.16261509095557,-0.0725824022363108,0.608260284841773,-0.637457559829197,-0.536631411980772,-0.288957968483977,Viral Rebound,1
7,903,0.686599501594358,-0.0147062018634897,0.430184739152821,0.0676113608709887,0.4108084126186,0.874063978728917,-0.16389535313974,0.619560037088243,Viral Rebound,1
8,903,0.857125526254187,0.0275192103764939,-0.448073198933236,0.0302249864917369,0.46712222830268,0.806261208891899,-0.249829131301956,-1.15092576151129,Viral Rebound,1
9,903,1.00762546731281,-0.0219609663836727,0.428795517466181,0.062982672400611,0.141612243976107,-0.335288176916508,0.149531576398171,0.843138410643333,Viral Rebound,1
10,903,0.637451529592932,-0.0574910554528745,-1.2376560900781,0.0439832907496826,0.141393184586527,-0.261149210898146,-0.202661064590622,-0.654030356604354,Viral Rebound,1
1,910,0.453845321829588,0.0350563904077948,0.95833103157338,0.122263547827938,0.162242117162307,0.274814301657458,0.00398594363924401,1.2393964341245,Viral Rebound,1
2,910,-0.493416290567029,0.0693556554656144,0.528641404694579,0.0382519100616216,0.172280211648344,0.592252270644038,0.0811191542400311,-0.341855130050405,Viral Rebound,1
3,910,-0.0280223779722348,0.0195848807528588,0.108688389280542,0.124135814868471,0.167894998211351,0.294105439911154,0.093867548038824,1.13211535291199,Viral Rebound,1
4,910,-0.0778685189806629,-0.00484603468694125,0.286813846119579,0.0413730413757934,0.174331960361057,0.209930329521322,-0.27619697516972,1.06311293600306,Viral Rebound,1
5,910,0.156207004678902,0.0647378511622421,0.410701841167787,0.0407220551698878,0.193266906517087,-0.237389112290268,-0.189064053050108,0.8459054112153,Viral Rebound,1
6,910,-0.640425641730977,0.0418777024126584,0.176298750270572,0.0538649922859751,0.154466813677139,0.396707475551439,-0.0227472962032368,-0.34765286242105,Viral Rebound,1
7,910,-0.16274314141262,0.0157722068754684,0.343352711376608,-0.0672928333346897,-0.0530548683946078,0.261385629551723,0.181536502711303,1.05350007602275,Viral Rebound,1
8,910,-0.423091881211897,0.0344055385539521,0.324785387171525,-0.152565966775195,0.245239556584959,0.353822720371832,-0.0970068793077984,-0.982299015202321,Viral Rebound,1
9,910,-0.956310020702601,0.0204259770029108,2.74844116396796,0.136003282994935,0.103751238117302,-0.354090735511469,0.139129735325674,-0.276312290025394,Viral Rebound,1
10,910,-0.135511141660911,-0.00853512654561443,1.95371823607443,0.0937378197638452,0.237108230205355,0.864037256899102,-0.175000281684413,-0.123355154591786,Viral Rebound,1
1,959,-0.44210819750804,0.0063662843511354,0.0333791004692168,0.0176401491633068,0.124725279190203,0.0174021171363931,0.28035782472494,1.616511881485,Viral Rebound,1
2,959,0.268682869125537,0.0199584815516535,-0.660747528066969,-0.145765696987705,0.324161369596537,-0.122051103033917,-0.129835719820713,-0.3863098611088,Viral Rebound,1
3,959,-0.35373418923885,-0.0079960670929995,-2.09468114125588,-0.0870314893447401,0.247068282699873,-0.253145670508343,-0.303014741135192,-0.529201206816734,Viral Rebound,1
4,959,-0.1031792155927,0.00860763876470057,0.667833368350974,0.0309942875539943,-0.0670598033275138,-0.305953442919569,0.720274911047956,0.538805579694316,Viral Rebound,1
5,959,-0.1598879706438,-0.0024792283874362,-0.213552136894759,0.0702069521353355,0.200104017235737,-0.226992793331366,-0.248693123475488,0.662219329153772,Viral Rebound,1
6,959,-0.409946964161969,0.0164010559955462,0.00625111715737974,0.0476206553605721,-0.00820743821624379,-0.370740448698528,0.522782076442683,0.863909840657894,Viral Rebound,1
7,959,0.255809014392701,-0.0190759678647114,-1.97848387048991,0.0322992273858919,-0.198030039449788,-0.0998926250401926,0.0823354561982855,0.517176088592496,Viral Rebound,1
8,959,0.203638937943719,-0.0315114641456816,-0.111286703915005,-0.027192268627624,0.475412006532033,-0.485707018794607,0.0823354561982855,0.340828879597865,Viral Rebound,1
9,959,0.530725313841943,-0.0243832915722251,-0.749781904936735,-0.0202783564576264,0.120346727421918,-0.226077181415893,0.400343770035288,-0.857223610540272,Viral Rebound,1
10,959,-0.402678018682245,0.00481888089172433,0.340133209762348,0.024595955731812,0.17643264858507,-0.18008017823175,0.363197713596104,1.64561269713046,Viral Rebound,1
1,1027,0.184892262040146,-0.0400245828227756,2.38277418179235,0.0828451010785853,-0.037597964031097,0.209383041015366,-0.609343679555328,0.139182856467285,Viral Rebound,1
2,1027,0.404060924763415,0.0420916180621455,-0.396321495512054,0.0191011662084386,0.0719914163742678,0.594894299790267,-0.669739809427298,-1.50988962078578,Viral Rebound,1
3,1027,0.0445956710989736,-0.0129105983463647,-0.387956128463755,0.0206272478724643,0.0078879342732695,0.432613449895533,-0.549559815468858,0.723319598108594,Viral Rebound,1
4,1027,0.187088948488729,0.0105262932665738,-0.132177006527845,-0.0488005394098852,-0.115530789224961,0.53324950172313,-0.523782157344761,-1.89139642859773,Viral Rebound,1
5,1027,0.297788383565115,-0.00926099910109624,0.045411048416532,-0.0290446176435672,0.00619110336232961,-0.0158021934345478,0.0513101346280572,0.336051980424952,Viral Rebound,1
6,1027,-0.106760281330766,-0.0154282663493617,0.95374389142343,0.0347085442902904,0.218959674066476,0.4921544339759,-0.509811011549864,-0.615832652285054,Viral Rebound,1
7,1027,-0.0811766235991038,0.00588074717325105,0.542235209245397,-0.00307687054758009,0.18628942131485,0.696022003724869,-0.669388238393374,0.843844750578573,Viral Rebound,1
8,1027,0.21689705714394,-0.0250399612525064,0.943112869690254,-0.0110197786377447,-0.00496636554515684,0.530742467398229,-0.154351552446888,-1.68374804286884,Viral Rebound,1
9,1027,-0.227051972259548,0.00135123960464743,-0.841447939171961,0.0314656939662565,0.257947501690796,-0.49482831109132,-0.272519474370048,1.41516104313784,Viral Rebound,1
10,1027,0.442505320333041,-0.016472851468207,-0.419130027113574,-0.0122570575801454,-0.208026935174562,0.230808694007441,0.0457536730793606,0.288210181799519,Viral Rebound,1
1,1104,0.472719222373207,0.0385941528132742,-0.569444105667241,-0.0575560696056838,0.586092929802936,-0.40330295429864,0.112932205554454,-1.83215419257596,Viral Rebound,1
2,1104,0.533354463591862,-0.0332707994339752,0.100614522302579,0.0155217720252334,0.331731876939569,-0.416491004017477,0.209440668844573,0.854988005398717,Viral Rebound,1
3,1104,0.62448290560115,-0.0311252066050163,-0.668510811310245,0.0295939177114835,0.239286001713709,-0.847333589151902,0.315965503755047,-0.082343257317871,Viral Rebound,1
4,1104,-0.353295557071219,-0.0395316811063267,-0.173050199957153,-0.0965654377486697,0.729069989943791,1.10222288718067,-0.0932705262119033,0.351994731009671,Viral Rebound,1
5,1104,0.553999021858892,0.0282817170868854,0.928783629784573,0.107217749229903,0.596007941470048,-0.84069019662722,-0.177239127337263,-0.142493044590768,Viral Rebound,1
6,1104,-0.322844598834393,0.0224492118406933,0.291083000393603,-0.0750612909329797,0.212442864742965,0.141670069672907,0.0493324113769005,0.782247788225065,Viral Rebound,1
7,1104,0.36472092976244,-0.016010633432489,0.578372641072386,-0.00291525176767815,0.433958229571346,0.00990274473146585,0.178698115092417,1.01682420792725,Viral Rebound,1
8,1104,-0.241859758513016,0.00568430679520253,-0.119645382623378,-0.00996925338136155,0.345713184319285,-0.362257999671509,-0.281218026230374,0.398975720469666,Viral Rebound,1
9,1104,0.0813644670291376,0.0228782089434954,-0.757739742162416,0.00235407657442848,0.596413158955511,-0.308094740250358,-0.118771371307992,0.0553443168990795,Viral Rebound,1
10,1104,-0.101741507429568,-0.0686705022681975,0.143795186981332,-0.07575845396789,0.497790036362306,-0.870034713941336,0.0672720718386997,-0.880314246247748,Viral Rebound,1
1,1105,-1.15217459938033,-0.0164976741560194,-1.30929818996961,-0.00973919281954844,0.209485777624976,1.32299826118161,-0.447613616782018,-0.0623716768382596,Viral Rebound,1
2,1105,0.278894430620538,0.0434926379914819,-0.386581906794203,-0.0257869145094622,-0.0151474099753401,1.24242132236826,-0.103823439160041,-0.60758785629583,Viral Rebound,1
3,1105,0.133590433001669,-0.0474174761202453,-1.18953297802782,0.0907520598190074,-0.0785199229662838,1.57516526358281,0.666936635654827,-0.00878418996200486,Viral Rebound,1
4,1105,-0.678041360651899,-0.0480479090524771,-1.20983190047398,0.0226764124186882,0.111269664067334,1.6132489437819,-0.350748505002389,-1.0999858730533,Viral Rebound,1
5,1105,0.304871268395458,0.00617661534736578,-0.713856820344134,0.00923937178396534,0.148084385249094,1.82312196552979,0.104223421708727,-0.51160208494292,Viral Rebound,1
6,1105,-0.234732343957027,-0.00140126283328117,-1.20577429952201,0.0189390992281455,-0.101936753218207,1.68982206635017,0.482796255672471,-1.60091718544807,Viral Rebound,1
7,1105,-0.53674032934252,0.00473499027303628,-0.885430126200641,0.1033322590947,-0.16296367528239,1.50541111035565,-0.0968132562699346,-1.20862253956799,Viral Rebound,1
8,1105,-0.154485662726795,0.00491239106539534,-0.534425998708867,0.0977946623750367,0.118801100316131,1.57366733679328,-0.473604178013134,0.0457517968701122,Viral Rebound,1
9,1105,-0.262078834710487,-0.0184284406723418,-0.801875585603036,-0.0122340334914125,0.11226363441664,1.59221279721247,-0.540265201000365,-1.12413941932091,Viral Rebound,1
10,1105,0.205063084650471,-0.0106416687846034,-0.299598905575907,0.086914009706509,0.0531116118930796,1.45025233735218,0.502672876382909,-1.16618340063566,Viral Rebound,1
1,1211,0.376153253576787,0.0112179647652088,0.066192424333725,0.0967882946915671,0.0924983860210805,-0.56566526246441,0.319583226781722,2.13711551734676,Viral Rebound,1
2,1211,0.205519173175439,0.0126546754084193,-0.491681955014978,-0.0223250918076367,0.0933581116094922,-0.634401689330085,0.141175020226365,2.73904244165929,Viral Rebound,1
3,1211,0.375501125222239,-0.00720042049132211,-0.282037956168342,-0.00933232103160204,0.19471070131856,0.884099490849911,-0.197920838007085,0.676686602101037,Viral Rebound,1
4,1211,0.136017085987311,0.0363331408694249,0.455357545376929,0.151140487463162,-0.239969633346153,1.08786623729135,0.256571685408341,0.302218593529216,Viral Rebound,1
5,1211,-0.41568752696392,-0.0720380628660617,0.337501160039815,-0.0672555115546502,0.0588830133551394,0.213673669250655,-0.33530849788226,1.33951409631819,Viral Rebound,1
6,1211,0.309458760936838,0.0295816035306442,1.39777015054556,0.0117351489088275,-0.126639666516779,0.49012756314855,-0.168145928969078,0.298221864146964,Viral Rebound,1
7,1211,-0.1717439645026,-0.0474513208099915,0.173322786461675,0.0425329048542743,0.0818773012218817,0.803530595873393,-0.143014663176066,1.15400701705518,Viral Rebound,1
8,1211,0.128657002174634,-0.00339435329270828,-0.121891981176847,-0.0102199094880631,-0.0212929707108463,0.96053461201586,0.219838015246783,0.869064559080832,Viral Rebound,1
9,1211,0.973114570762904,0.0438349883044298,-1.49621042109106,0.0632320651164394,0.20494492190567,1.06404924413093,0.222271981956158,2.37245020391581,Viral Rebound,1
10,1211,0.802013857337848,0.0211345085569303,0.339987992287393,-0.0332776853473645,-0.09231587542144,1.03921702495712,0.526479477769508,0.866533428641334,Viral Rebound,1
1,1271,-0.791202078680532,0.0124481707906155,-0.109937561970107,0.0381521835219361,-0.232586549754164,-0.0921288962010603,0.012059593056365,1.10891108149087,Viral Rebound,1
2,1271,-0.348292210891082,-0.0247626708020036,-1.88189726971803,-0.0767387567081689,0.393690561052111,-1.54348086359196,-0.385563472858743,1.03608567687399,Viral Rebound,1
3,1271,-0.213239919746943,-0.0117929673946986,-1.26887850403115,-0.0657566253962068,-0.106894643703935,-0.196576309629956,-0.23205611182496,1.57917125789094,Viral Rebound,1
4,1271,-0.0521290824536381,-0.0165551546265993,1.87316986031722,0.0272920342315481,-0.50362201687202,0.0859032598299208,0.0966062474611288,0.269141238654683,Viral Rebound,1
5,1271,0.437239239367099,0.0663835169518097,-0.524304276782197,0.012823648648135,-0.0236644967434758,-0.065642553538949,0.0585074118920658,1.20090057466334,Viral Rebound,1
6,1271,-0.14163998108961,0.0712886553175729,0.0844517634390586,-0.0358974844948228,0.0159845792851994,-0.280538510142132,-0.182986475279792,1.23008663354326,Viral Rebound,1
7,1271,-0.323493897147885,-0.0189923519646809,0.158965067127728,0.109615200922179,0.0488673515310369,-0.11332194135381,-0.215874386574811,0.156181952501242,Viral Rebound,1
8,1271,-0.0660390043628798,0.0193320332298,0.363182122407767,0.0461714641061628,0.045663183916796,-0.266270386704336,-0.287264752007868,-0.177274798382478,Viral Rebound,1
9,1271,-0.533845763084797,0.00975737743783237,1.40431480196417,0.023056198931849,-0.051371246941577,-0.278707203149407,0.223105709845634,0.807389006977266,Viral Rebound,1
10,1271,-0.833305320690515,-0.0091616352717359,0.028883295890536,-0.00217897847732811,-0.0695574698335046,-0.356470184349661,-0.00582623605148225,1.70543454608556,Viral Rebound,1
1,1333,0.440750262661961,0.0195364005996308,0.565929494723846,0.152438323632749,0.375248420763546,0.615461805762799,-0.18851691810111,-0.0105199608780537,Viral Rebound,1
2,1333,0.279646973869864,-0.0845592361004729,1.38534831525373,-0.0486290283683594,0.133486861552153,0.260498968467234,0.224347613836366,-0.780205920530728,Viral Rebound,1
3,1333,-0.534574207348262,0.0270139298791241,-0.633279300272655,-0.0703207903887385,0.14487007985419,0.114124065509788,0.394779728058759,-0.837178359838121,Viral Rebound,1
4,1333,0.664533624274607,-0.00629862411889069,-0.588519111121815,-0.105514501194578,0.207234598131642,-0.17902572060136,-0.0165261130639512,0.499609109826237,Viral Rebound,1
5,1333,-0.725775007487431,-0.0242769085772161,0.369463574551168,0.0170246698915502,0.397065070582072,0.124544678956853,-0.541104278522665,0.836333544700622,Viral Rebound,1
6,1333,0.0325480318957762,0.0445140039007982,0.641002675237117,0.0787295804987697,0.15126992061682,0.304204613222332,-0.201006872818322,0.235944289418192,Viral Rebound,1
7,1333,-0.473490035731819,0.00515134897845016,0.323989170682836,0.0151204462958376,0.309844940023391,0.523196574631687,0.443392356716701,-0.324037592832748,Viral Rebound,1
8,1333,-0.572042193180679,0.00193396260750312,-0.0692343803318163,-0.051923270184705,0.387484576334657,0.723473671322543,-0.0891047463607495,-1.87449555741875,Viral Rebound,1
9,1333,0.512153436157892,-0.012909851991595,0.475320404081204,0.0406556782454358,0.40788358029683,0.113545346297049,0.101638126359468,0.263806147698746,Viral Rebound,1
10,1333,0.141335608839535,0.0608428148404836,-0.0241100292530492,-0.0708588938451901,0.216669568135968,-0.219651899674702,0.468503148563229,0.903553064625274,Viral Rebound,1
1,1444,0.220362771380994,0.00731106997682607,-1.05007094503262,-0.059720565008817,0.115936402341496,-0.860433757689814,-0.232466803706928,-0.809437757833433,Viral Rebound,1
2,1444,0.593349897699404,0.0219041269291192,-2.3239934150442,-0.0761921628646978,-0.127649142905031,-0.645096271815052,-0.132967560627337,0.642304560589283,Viral Rebound,1
3,1444,0.106630421290609,-0.024803112807592,-0.898649366230106,0.0212761050836992,0.294044214391721,-0.563987616870806,-0.0852224560315089,-0.864243639852963,Viral Rebound,1
4,1444,0.255369172141676,0.0157346214861003,1.17706804282663,-0.0820489120594019,0.194737858918809,-1.05606269990961,-0.338763180791189,-0.17020541161017,Viral Rebound,1
5,1444,0.633104584106164,0.0407610685053018,-0.282246688378818,0.0109126543666468,-0.0851007371597853,-0.732239731438107,-0.204051825459636,-0.667576522253951,Viral Rebound,1
6,1444,0.0981669118252452,-0.023590421171072,-1.19499590855049,0.0588433186169948,-0.236395633485775,-1.45119132785296,-0.680733029701051,-0.400466674199562,Viral Rebound,1
7,1444,-0.166424295339845,-0.0152170290655738,0.78860157760896,0.0944813438671051,0.0992500830147645,-0.0431504244969985,-0.380222654211972,-0.97849204744906,Viral Rebound,1
8,1444,-0.0848790521364165,-0.0721478660501371,-0.529037529767087,0.0225658593473122,0.117916063397003,-0.238005825140693,-0.0803424104175906,0.904800217785337,Viral Rebound,1
9,1444,0.651492334843057,0.0219035505616358,-0.0294760497878309,0.0165942210620034,0.0177584188814312,-0.861795745047119,-0.238370723292815,1.03109931706908,Viral Rebound,1
10,1444,0.487036325691037,0.0115903205112078,0.337157042188455,-0.00887919976579805,0.11350557101384,-0.0605900948454933,-0.221853887395427,0.152098865202899,Viral Rebound,1
1,1457,0.0143560889963457,0.0135764378765231,0.667723484184108,0.0559917965506279,-0.277194681510055,0.548475523459294,-0.0245432781472257,1.16711117345934,Viral Rebound,1
2,1457,0.323827526812158,0.0365800709063776,2.74965620181126,0.00493588005344175,-0.308035368924085,0.546497877591023,0.0895458026467372,1.45749554789118,Viral Rebound,1
3,1457,-0.836359735253449,0.00902821413841746,-0.953758872487037,-0.0370777599579344,-0.420410803952853,-0.15562977352401,-0.0380537097455491,1.73585114346007,Viral Rebound,1
4,1457,-0.207433678841094,0.00587272004218849,-0.965515281507325,-0.0216484509408649,-0.137887059365432,-0.159835979530498,-0.165250877192603,1.81912800538984,Viral Rebound,1
5,1457,0.374366705082406,-0.000518785359708118,0.329736679930891,-0.0586739869166626,-0.0618361138700547,0.962316124117832,-0.444361791907456,1.55254325067554,Viral Rebound,1
6,1457,0.297689533211391,0.0465999247561307,-0.0489241454328947,-0.0170353050048517,-0.201291434919872,-0.0559214959873005,-0.181589756664686,1.45225182154961,Viral Rebound,1
7,1457,-0.813942051150147,-0.0027497500446755,0.0307082716955009,-0.0398670004745003,-0.092692883819936,0.551743591982544,-0.511742248980808,1.92575458227838,Viral Rebound,1
8,1457,-0.184039172462124,0.0859385918485601,0.410800740420655,0.0325454012910805,-0.041825692014513,1.06223405322829,-0.129223332033945,1.43803619949135,Viral Rebound,1
9,1457,0.440731914187932,0.033329384050708,1.62823328566312,-0.0559894759449902,-0.21509347261585,0.538248796229089,0.460810194241798,0.870315289261929,Viral Rebound,1
10,1457,-0.430674475774887,-0.00609429524231226,1.70861753111713,-0.00780553022082815,0.131489567913834,0.68336314290818,-0.49964256931137,0.68674870521785,Viral Rebound,1
1,1537,-0.811080486124108,-0.013908628645871,0.347791797314662,0.0268520432412458,0.600672210049439,-0.17092575438792,0.522709990224847,0.104526180400878,Viral Rebound,1
2,1537,-0.728232139866641,-0.0610563747733694,0.115802662390258,-0.0343181377429,0.415569931880439,0.0998636553141844,0.440936072838327,-0.607370316217417,Viral Rebound,1
3,1537,-0.875697343434991,-0.0119588230624022,0.749132200210101,0.0249814929800473,0.642443884008488,0.690422877018426,0.270248769511043,-1.06989248284397,Viral Rebound,1
4,1537,-0.471128388755667,0.00532928961019991,0.256742800675255,-0.0493742312733339,0.520582415189441,0.00139488497356119,0.56482744163185,0.728087234969481,Viral Rebound,1
5,1537,-0.766864031356581,-0.0278853333565246,-0.42055532613938,-0.0148553563420681,0.402921355276469,0.119730322713747,0.53151079412489,0.68616088155833,Viral Rebound,1
6,1537,-0.999761002420348,-0.0164367529877344,-0.514975917002757,0.0888452337974335,0.268410253091011,0.0476487342748772,0.838486389961448,0.66962899237283,Viral Rebound,1
7,1537,-0.492672482810568,0.018864164457727,-0.916485373456981,-0.018428868968878,0.418016181965789,-0.0130709269289525,0.659380297206574,1.48202989940615,Viral Rebound,1
8,1537,-0.743030161355245,-0.0399403739539173,-0.530015160008826,-0.0553274617628471,0.375128881500216,-0.0487196196974981,0.900817821943554,1.24781828289057,Viral Rebound,1
9,1537,-0.362866744429658,0.00612733002803842,-0.0800553539867398,-0.0451654862141306,0.00785708148694186,-0.0945316414909423,1.06627968140591,-0.659090365259701,Viral Rebound,1
10,1537,-0.00477364626745377,0.00310885635013631,0.254783990758398,-0.0727582711673542,0.523751027942468,-0.069466525000029,0.734890229091712,0.71051163292055,Viral Rebound,1
1,1560,-0.119950827175575,-0.0127282365437255,-0.221748085325724,-0.0724326876005049,-0.0600137937599323,0.699901052530763,0.462980175392721,-0.533737064360445,Viral Rebound,1
2,1560,-0.206892880583259,0.00790779945328744,-0.323577160638853,-0.0206579040576342,-0.115467694780374,0.574086828953733,0.44566915474859,0.776545529767159,Viral Rebound,1
3,1560,-0.190884414858087,-0.0232576004305584,-0.84601562725582,-0.0216543177811112,-0.254877137718241,0.620774349285814,0.865547255491708,0.965263003981192,Viral Rebound,1
4,1560,0.335333897134775,0.0495685974127642,0.14594075331553,0.0439196280461148,0.17339223120564,0.35590431814382,0.414479420856719,-0.235067373364088,Viral Rebound,1
5,1560,0.0340418896884905,0.0240833189725102,0.0492820545278254,0.0167124814257468,0.166956739825434,0.591731603332094,0.318569566638368,-1.13404737881606,Viral Rebound,1
6,1560,-0.492943916714868,-0.00833689304669921,-0.593715249958973,-0.0375472134443428,-0.0551655324196976,0.574671849086064,0.26973125199199,0.532259536072048,Viral Rebound,1
7,1560,-0.565249078734336,0.0222463189297755,-0.246456636310762,0.0552516674568738,0.0222402880946451,0.605468441820262,0.265480570823623,-0.256016284558206,Viral Rebound,1
8,1560,0.0779999972929269,0.0360361071294356,-1.26712752768811,0.0416499965307187,0.0667982613343219,0.638307839053638,0.331449866447303,0.427815793753657,Viral Rebound,1
9,1560,-0.450334679406711,0.0369455756931943,0.569452152818468,0.0379202866344279,-0.134990553010614,0.631150984249212,0.503063579252632,-0.384773446950296,Viral Rebound,1
10,1560,-1.04587169868337,0.0343411968404888,1.17239870480419,-0.0218355012003143,0.0272318782633244,0.370443944253029,0.0664612683596174,-0.756153774993491,Viral Rebound,1
1,531,0.603289885446355,0.0306091252951039,1.57589688066693,0.131629105057605,-0.417810072138808,-1.6720670907176,-0.369543091510536,1.1559842851193,No Viral Rebound,2
2,531,0.790473658272913,0.0121015983064846,0.814659114146027,0.0037129512660385,-0.448936690696275,-0.369492692784998,-0.474616531054983,1.17999540412317,No Viral Rebound,2
3,531,0.216756225862794,0.0121015983064846,0.368438797804982,0.072811463485826,-0.233866232842873,-0.611299303519268,-0.373783873197815,1.17999540412317,No Viral Rebound,2
4,531,0.216756225862794,0.0149773807274796,0.368438797804982,0.0376328458279895,-0.145312267921525,-0.708215212690999,0.0161151941041348,1.17999540412317,No Viral Rebound,2
5,531,0.329778262002903,0.0132298970284458,0.720577962900228,0.0253271698706031,-0.208283252966209,-0.340288203077694,-0.27187741005846,0.967383330830181,No Viral Rebound,2
6,531,0.48753065494079,0.0216023197073205,1.71794212380107,0.00563912740433413,-0.16190744329555,-0.112972169960068,-0.3960656614514,0.78069771648885,No Viral Rebound,2
7,531,0.378231602737225,0.0319069167551923,1.2396796475293,0.00135027535838577,-0.124957957702765,-0.412729584527164,0.0686691621791471,0.337330023417606,No Viral Rebound,2
8,531,0.174659729836002,0.0227005066020056,2.36080928257163,0.0519363343649417,-0.0835040779192058,-1.06342031582113,-0.442635247077462,0.911107727660331,No Viral Rebound,2
9,531,0.334910556538372,0.00193898956757854,0.809497105189851,0.0278460190760272,-0.253493401618507,0.1542726811213,-0.434420989491105,0.911107727660331,No Viral Rebound,2
10,531,0.408304348791634,-0.00641080066429016,1.48697468600268,0.0386041285356231,-0.337838420866977,-0.661555600983156,-0.43887346135773,0.806778489738307,No Viral Rebound,2
1,572,-0.461293483455594,-0.000452144607593713,-0.0637797386600736,0.0786476265064518,0.31388805910734,-1.63451962113644,-0.479022678788789,1.08140926078536,No Viral Rebound,2
2,572,0.0319836620018805,-0.0279001316239273,0.232354974293162,0.0408330774131179,-0.0953964905687691,-0.56815432761132,-0.151231555090879,0.480709685072365,No Viral Rebound,2
3,572,0.466301585680805,0.000743653616442597,-1.11394679180078,-0.036337518677552,-0.0706058914078105,0.0503993274972265,0.086294911807341,0.124083092346478,No Viral Rebound,2
4,572,-0.0460351894475227,-0.0285481269578709,-1.67668771983777,0.0259457800639492,-0.164732967527453,-0.789827619606937,-0.560119302920117,-1.48905911349097,No Viral Rebound,2
5,572,-0.462627425261491,-0.00764068153202506,-2.00951892336646,-0.137195019089652,-0.124575670314471,-0.559206134553299,0.0077676901443139,-0.0219629884376126,No Viral Rebound,2
6,572,0.40499661820241,0.0259500840404535,-0.990260095008117,-0.0841485909640022,0.0176568405196591,-0.948778753184331,-0.533202811499278,-1.46630456923805,No Viral Rebound,2
7,572,0.0321014677195129,-0.0273373474238343,-1.19997016796887,0.080291238380483,0.121780888309393,0.42963297017489,-0.325359645456963,-0.794885059371659,No Viral Rebound,2
8,572,-0.0737276669135365,0.0414412435234836,-1.79056424570503,0.0526327737843716,0.214769998804961,-0.472617295349742,-0.440234156041738,0.107367456329629,No Viral Rebound,2
9,572,0.0763935924081639,0.0151322805189941,-0.149398555624377,-0.0248712686154908,-0.0485826179205264,-0.949446675440324,-0.105337714992923,-0.684878925875942,No Viral Rebound,2
10,572,0.0876321110946837,0.0287109663190299,0.172631161427997,0.078220127168256,-0.143552119063714,-0.846324891291661,-0.229304685705474,-1.29536620158907,No Viral Rebound,2
1,597,0.108441856481435,-0.00158607913471217,1.19952009171839,0.0421019270572888,0.0203233066764253,-1.27288895124378,-0.151512271865187,-0.0826077154688993,No Viral Rebound,2
2,597,0.0604823146386877,0.0231593935175189,-0.568081153742579,0.054000590199636,0.125144935085211,-1.38274117162932,-0.00173469174250435,0.431015248291671,No Viral Rebound,2
3,597,0.194673072655143,-0.050014960243335,-0.120270931546786,-0.106013421662751,0.0348057635554125,-0.0901537051473336,0.243141036761042,-0.363334969270704,No Viral Rebound,2
4,597,-0.445323183125659,0.0319982325382199,-1.57281664109641,0.0444802029912175,-0.0768919536445143,0.451936288154781,-0.0357211563687361,-0.896524412446579,No Viral Rebound,2
5,597,-0.0316692951598818,-0.010542501869258,-0.776599837373755,0.122192050533448,0.246936956380806,-0.314584543659925,0.108960524790747,0.231395849261128,No Viral Rebound,2
6,597,-0.181186126897957,-0.000591344926920141,-0.170075323424882,-0.0412489924724629,-0.144392704298313,-1.78720092610743,0.593589381584023,0.192570943611604,No Viral Rebound,2
7,597,-0.441387675477229,-0.0138169680492758,-0.30205920555829,0.0662082695475845,0.153791394418377,-0.931761582808419,0.140675251343011,-0.201953079340383,No Viral Rebound,2
8,597,-0.533734177489479,-0.0285093651120852,-2.50886635882499,0.0162109081766712,-0.0708232863606227,0.0526103561692871,0.330813236849502,-0.432419479622654,No Viral Rebound,2
9,597,-1.1511163874703,-0.0544311804426377,-0.895049905101434,0.115501564256687,-0.187621758875528,-0.351754229576297,0.306146540118498,-0.712368243555425,No Viral Rebound,2
10,597,0.0902703049958193,-0.0222128929463301,-0.89951043221214,-0.103310863385051,-0.105863669098392,-0.952037417466558,-0.0228020969142289,-0.67195114070523,No Viral Rebound,2
1,623,-0.0296376152021908,-0.00486512238096651,-1.45916388292595,0.0162791254813549,0.0866522709436078,0.331025851543158,0.0217880548738717,-0.493656403086786,No Viral Rebound,2
2,623,0.642376416391232,-0.0332758029427015,-0.137141659959668,0.00692663961976159,0.480691872883626,0.0229656868883438,0.265531087495151,-0.175872959422856,No Viral Rebound,2
3,623,0.36891735877964,-0.035409315610121,-0.51097319222083,-0.0596576959732691,0.442664228287404,-0.0531699326274565,-0.362338770482541,-1.57242397237191,No Viral Rebound,2
4,623,0.957392719243027,0.0627820912839404,0.218446852525059,0.0267877874532391,0.122956746439916,0.0610277667281921,-0.271517916202313,-0.869654968712125,No Viral Rebound,2
5,623,-0.633841006995064,-0.0190476282955685,0.439071059231706,-0.105362227174284,0.293581454276805,-0.691867170306978,-0.557819091154787,-0.31814803482988,No Viral Rebound,2
6,623,-0.595009021069175,0.0854919679126988,0.173823661393866,0.0659024213861879,-0.0158311202696021,-0.360826769457387,-0.189145851520854,-1.17386107443662,No Viral Rebound,2
7,623,0.775702839162483,0.0185516596870174,-0.875875178153297,0.045463839124928,0.219520373326361,0.409760538193587,0.0577715942145471,0.328837150287287,No Viral Rebound,2
8,623,-0.0473055006084523,-0.010811329566223,-1.04192149780076,-0.186552975138256,0.0623052953965569,0.439352094467376,-0.224088459744866,0.210017155221332,No Viral Rebound,2
9,623,0.277036810539187,-0.0215580438206849,0.0902748262765237,0.123046927327923,0.197737471572999,-0.00300165777963082,0.0727313755401505,-0.938905666432648,No Viral Rebound,2
10,623,0.350367387852236,0.0315557271262724,-1.36898322143697,0.0639927180286749,0.221508374031004,0.0825694534421221,-0.156670673824372,-0.782651093593764,No Viral Rebound,2
1,664,-0.284837835788041,0.034462591811266,-0.626975200462955,-0.00218707660822468,0.399981130228534,0.24132522763999,-0.605587353943689,-0.755530569889086,No Viral Rebound,2
2,664,-0.445649812639476,0.030001906455754,-0.760015104247383,-0.0559331074608334,0.299045525131482,0.563139537425776,-0.453168281326904,-0.74474406250413,No Viral Rebound,2
3,664,-0.254636215638434,-0.0340725971139742,-1.00227636169227,-0.0624712916376572,0.630919358019972,-0.158751543587408,-0.296643172457573,0.273967622422841,No Viral Rebound,2
4,664,-0.278016307429506,0.0406850590778075,-0.945770854436485,0.0480215723105814,0.242178478208593,0.570342227886928,0.119272351578841,0.310435244017116,No Viral Rebound,2
5,664,-0.167609592661772,0.034735072444705,-0.280109575141125,0.0785637744896354,0.327049874136894,-0.404942700600081,0.335196771750424,-2.0550237471418,No Viral Rebound,2
6,664,-0.178555436571723,-0.0508841812533379,-0.135630366270759,0.0403195269725563,0.551755646120073,0.127232452247098,-0.0908891390755452,-0.287146853191808,No Viral Rebound,2
7,664,-0.24228765034429,-0.00109508299717102,-0.169073637498294,-0.0109539643214983,0.52916606306398,0.581965541035693,-0.330467130789288,-0.709085773485658,No Viral Rebound,2
8,664,0.148317724415074,0.00854041579770829,-0.146659314095075,0.0141189297739483,0.524906699855642,-0.078722179353938,-0.04710180533619,-0.461386515030514,No Viral Rebound,2
9,664,-0.051107071829473,-0.026360567825613,0.292219816824734,-0.13309415556401,0.655597500691224,0.791437748120136,0.283337847810842,0.745086926783064,No Viral Rebound,2
10,664,0.32219112835942,0.0094668770136842,-0.260263195443274,0.0998022389889894,0.509577306520414,0.448362419099137,-0.0406082339346022,-0.0537058340432519,No Viral Rebound,2
1,682,0.646547545411182,-0.0101151662761508,-0.566321497135137,0.00652893410116701,-0.44243280262613,-0.494821017175879,0.237282183481307,0.651283676692848,No Viral Rebound,2
2,682,0.932950077131705,-0.0246337491059004,0.155517379019854,-0.192746485512501,-0.317409104236696,-0.893995997796424,0.0400764235321388,0.607671390158274,No Viral Rebound,2
3,682,0.541628398415827,0.0323905424196008,-0.405028848250772,-0.0216065592957291,-0.514987876556705,-0.887639513946318,-0.784614438730626,-0.281103258409849,No Viral Rebound,2
4,682,-0.529582170339479,-0.0634749482288316,0.368427718124301,0.163298549474922,-0.298601696322706,-0.070839054451053,-0.475445728159339,-0.800190018320884,No Viral Rebound,2
5,682,1.43512344307624,0.0529243865130125,-0.160054116427571,0.0596137101755879,-0.258193072575206,-0.390582053555279,0.271225155693606,0.968967822902287,No Viral Rebound,2
6,682,0.928132937701521,-0.0470695603822591,1.03343458885194,-0.0208504419492228,-0.266406831149927,-0.329839724030594,-0.260700693030691,-0.259809999219144,No Viral Rebound,2
7,682,0.188834148289898,-0.0516952604021572,0.467727039756849,0.133481345721929,-0.347239584247213,-0.39114699379141,-0.453006766330818,0.00361843841349729,No Viral Rebound,2
8,682,0.48460653939199,-0.0601741387060874,-0.81231266981295,0.0668441499013278,-0.233332003274634,-0.428191402509248,-0.316897391994905,0.722060018354675,No Viral Rebound,2
9,682,0.691419361317216,0.02955370658421,-1.64665529285235,-0.0836532195642493,-0.608734056039173,-0.532077922815307,0.0609563389739064,0.566334623878978,No Viral Rebound,2
10,682,0.734618710146061,-0.0537987094635065,0.602613953518718,0.0232792707181421,-0.166970752101765,-0.786011331222554,-0.79753071697725,0.616118801555979,No Viral Rebound,2
1,716,-0.499986021695758,0.014522001554068,-0.316997683860218,-0.00913056619984114,-0.0573563805650858,0.400318242242338,-0.24722688178679,-0.728349799189745,No Viral Rebound,2
2,716,0.161838087304978,0.0263868010025904,2.1661415815958,-0.126887270177184,0.0450793258190354,0.458656567387857,-0.106442548617923,1.02032651809516,No Viral Rebound,2
3,716,-0.171321096760507,0.0200158452955716,-0.396749300738917,0.144946969003175,0.0329936980208091,0.725930049755636,-0.150465594028875,-0.495062166901479,No Viral Rebound,2
4,716,0.465928580492024,-0.000540569393066972,0.775248002914567,0.0423883435284882,-0.531848808223727,1.4192120308745,-0.044381322008143,0.00810468025425271,No Viral Rebound,2
5,716,0.117990635947585,-0.0388466228991312,0.178320172723988,0.0108091218319304,-0.0368361845342354,0.508994736153812,-0.123673061665377,-0.706284361306914,No Viral Rebound,2
6,716,0.285922637051556,0.0140765019536415,0.838680055862056,0.139186293813238,-0.0838610170862869,0.337184608321721,-0.459254146722238,-1.36958765106574,No Viral Rebound,2
7,716,0.0960662267162045,-0.00910315342604655,-1.14934981581288,0.129104853487644,0.0814299689302219,0.784976406670214,-0.0793796389304303,-0.0645888999398734,No Viral Rebound,2
8,716,0.378972214105961,0.0285719050567973,0.744307383380321,-0.0167619075120656,-0.114962777715638,0.282146255422401,-0.177565323662536,-0.788300858970453,No Viral Rebound,2
9,716,-0.697800219298118,-0.0449763790283631,-0.474487151138285,-0.120099551163272,0.00856922885792461,0.191094557251935,-0.728896535205923,-0.146082986940664,No Viral Rebound,2
10,716,0.398593155778221,0.0179969777458903,-0.48590454839368,0.0447395263469035,-0.144763332795591,0.330085583187479,-0.268027700511423,1.8909993038688,No Viral Rebound,2
1,793,-0.123877264113274,-0.0228411131456558,-0.655885067922026,-0.0312182045141808,-0.438448596641259,-0.468373625515063,0.127560437663704,-0.325611490866935,No Viral Rebound,2
2,793,-0.145159430911178,-0.0857634072793377,-1.27797738656173,-0.00313859669472551,-0.47248187864887,-0.432374348252476,-0.0261839684713114,0.285990654494199,No Viral Rebound,2
3,793,0.917874592248024,0.0033175975260888,-1.00207862074211,-0.0455970829473012,-0.011272180935377,0.0866947610471206,-0.0635651799187909,-0.21332866214065,No Viral Rebound,2
4,793,0.43971452994755,-0.000368592208904853,-0.12306450810218,-0.007064675170363,-0.494379364426243,-0.497885906060712,0.0355045163500083,0.898937304896731,No Viral Rebound,2
5,793,0.556610190084829,-0.0338036835769203,-0.304257690182879,0.0919615657392345,-0.0595609735040076,0.100606069183954,-0.168787513338118,-0.844879345023246,No Viral Rebound,2
6,793,0.680382579122755,-0.00272011338826355,0.475685579231419,4.63153100134506e-06,-0.15204109107116,-0.246685600594805,-0.769909566140535,-0.46863848451526,No Viral Rebound,2
7,793,0.324170834528264,-0.01277952596979,0.816323837886689,0.100948106406658,-0.236657187879887,-0.4844070846026,-0.334959836645542,0.00515106856341552,No Viral Rebound,2
8,793,-0.0781975404179655,-0.0153406277893104,-0.313161880183752,0.0805751965283055,-0.258840051805019,-0.218395674057949,0.355633951111057,0.131435949329616,No Viral Rebound,2
9,793,0.733161114385235,-0.0115109784560361,-0.533071317500406,-0.067711951157597,-0.25199391790573,-0.466099261861025,0.0361187728926719,-1.22346797613339,No Viral Rebound,2
10,793,-0.223552520041792,0.0315504593950194,-0.20915102770554,-0.0890933333655888,-0.390778613005211,-0.152808353430106,0.119631687431577,-1.86023435331096,No Viral Rebound,2
1,819,0.278986237820408,-0.0753708781736689,-0.410471772385025,-0.0379775566817407,0.277549278868175,-0.595530830232003,0.0337511808665472,-0.863428547727803,No Viral Rebound,2
2,819,-0.323638696103485,0.00526420409398259,-0.892000815532106,0.0853419277554178,0.060689220968846,-0.586387997717786,0.0630524351584614,1.86840209933227,No Viral Rebound,2
3,819,0.478605405971495,0.021809273631585,-0.959982038539992,0.0612665515748587,0.177188254842587,0.0537925907676534,0.457806920396349,1.34113579527285,No Viral Rebound,2
4,819,-0.683317580017146,0.0179745661636765,0.644508595033469,0.152410742165155,0.348988905056366,-1.01038335608509,-0.164436780739733,1.69156236734105,No Viral Rebound,2
5,819,0.00178701749365934,-0.000812220550796642,0.392369598494466,0.0476024282675555,0.198248760362306,0.795039320975676,-0.331090771686516,-0.995469950097508,No Viral Rebound,2
6,819,0.141120495626968,-0.070403553878399,-0.342951142237635,0.0407583478634798,0.137184890173415,-1.489008166905,-0.269028535494903,-0.737653095360428,No Viral Rebound,2
7,819,0.700401949814503,-0.023472965097685,0.413971786779934,0.0896395163828136,0.304262613620769,-1.38005875706477,-0.0778682763461314,0.193429011830453,No Viral Rebound,2
8,819,-0.183984274552011,-0.0553035901065123,-0.856143015938656,0.00724518173253422,-0.0864606871219524,0.184065851329721,0.370359667027434,0.607915612446257,No Viral Rebound,2
9,819,-0.300988355469958,0.00645718197774398,0.0206434205380267,0.0709454479688575,0.259882771618309,-0.14743916464367,-0.380306790259115,0.291729464322128,No Viral Rebound,2
10,819,0.265495718005732,-0.0577873366600046,-0.498975583322237,0.0653003167925227,0.107794597131106,-0.205487454786605,-0.000367409424817056,1.17667202285893,No Viral Rebound,2
1,826,0.3595229700814,-0.0520475490661123,0.244517296942144,-0.0727703095150884,-0.297494805890054,0.876000878623152,-0.329062733715658,0.251103994546459,No Viral Rebound,2
2,826,1.31488480857514,0.0339267428977291,0.0998037308493158,-0.0021098616385746,-0.430080301841427,1.68268848358346,0.170809599556877,-1.0711183299851,No Viral Rebound,2
3,826,0.355236000903678,-0.0103208346060705,0.0875625577341799,0.0996908291945632,-0.425832875914868,0.86788190481493,0.0630199699739633,0.0970533225783847,No Viral Rebound,2
4,826,0.72531216209174,-0.0766678486989155,0.861075995178743,-0.0224202825609941,-0.361882708209415,1.22143017443595,-0.679812990084961,0.527169089563682,No Viral Rebound,2
5,826,-0.508933579277509,0.0385677568904302,-1.71233763395372,0.0747802594697387,-0.491990636093429,0.715391734995761,-0.558050251959441,1.06116076273141,No Viral Rebound,2
6,826,0.0437861381125237,-0.00959222462005654,-0.961252251602033,-0.028902730288351,-0.419860123369529,1.5337811182936,0.140587300599154,0.501620811640374,No Viral Rebound,2
7,826,0.601336221953411,-0.0181123196658541,-0.788619827559849,0.00792927289912761,-0.494432167459954,1.02726807474902,0.107110361104383,-0.0611506685709481,No Viral Rebound,2
8,826,0.0701599538481287,-0.0664203405306633,-1.50190121785379,-0.0181087424696716,-0.478217235414294,1.59166881572662,0.0579269684063212,-0.27152070634097,No Viral Rebound,2
9,826,1.20876689372137,0.0157118049709519,-0.34981991072619,0.0864382128911474,-0.420508434474161,1.53529858877512,0.179760331370071,-0.0862153019368044,No Viral Rebound,2
10,826,-0.379019223304171,0.0023398539077973,-1.75126952969907,0.0394966768651607,-0.372057310241352,1.12722087334013,-0.37642281724547,0.928171846110502,No Viral Rebound,2
1,891,0.0415973533634863,-0.0217683268397031,0.69391327743491,0.0432782584802757,-0.115274245015523,-0.328731601343093,0.00413408137324689,-0.532484877596969,No Viral Rebound,2
2,891,-0.220831994911118,-0.041431662572532,-1.62678299064176,-0.0229632887901557,-0.283373066340238,0.0790727915049672,0.14628994232064,-2.05325220924052,No Viral Rebound,2
3,891,0.331570077427073,0.0020342329501541,-1.92929749234113,0.147166244861465,-0.0625024350524268,-0.48035749879684,0.0940128059890952,-1.15788344019179,No Viral Rebound,2
4,891,-0.257152749574855,0.0224794486990327,-1.56527047928545,0.0475448858502921,-0.140409051094348,-0.130494220790023,-0.481325071758543,-2.32088093203349,No Viral Rebound,2
5,891,0.943950280827376,0.0211889486572131,0.476751090870553,0.0414993313531091,-0.098256903683479,-0.2962318042156,0.391047084247802,-0.600013739597922,No Viral Rebound,2
6,891,-0.423942615606271,0.0106165998298374,-0.505494453293312,0.056747404525425,-0.250291480720181,-0.340625391914399,0.0767361042116975,-0.637592945089897,No Viral Rebound,2
7,891,0.190423774250727,-0.0584684290222421,0.375308604963692,-0.0307072203340418,-0.0338272280561562,-0.73531627488413,-0.883685676232769,0.104845475437342,No Viral Rebound,2
8,891,0.577017791705772,-0.0279044770565329,0.626069250531643,0.0409047214676159,-0.00639910851407699,-0.159902254146921,-0.398980974010043,-1.0724905825524,No Viral Rebound,2
9,891,0.2889084830576,-0.0599628039132523,0.230321640557878,0.0148760962888881,-0.401214080728056,-0.0743975095362507,0.346529828868204,0.0888157435633239,No Viral Rebound,2
10,891,0.714298575334576,0.0175625350818199,-0.604948631329712,0.0198588854814474,0.127544697544467,-0.32099940746293,-0.512142628694419,-1.15609110488901,No Viral Rebound,2
1,913,-0.162656614536067,-0.00333647773871312,0.646597097408247,-0.0029385273821834,-0.0732505664808986,-0.867814598077807,0.0451656140780309,-0.381690397330282,No Viral Rebound,2
2,913,-0.117755853419015,-0.0448983778980575,-0.458037475600383,-0.0737140069673525,0.208460693352839,-1.68822678408434,0.0392847896277468,-0.61507769208692,No Viral Rebound,2
3,913,-0.00504054535136989,0.0463963325884206,-1.13726414670962,0.0565714565863062,-0.000470162134876164,-0.753782205714124,-0.00770257372188905,-0.632710012808397,No Viral Rebound,2
4,913,-0.24861259471139,-0.0447190602635214,-0.897056648807069,0.0697777944512177,0.168591922406784,0.491568639665624,0.0982320763199425,-1.44030527478847,No Viral Rebound,2
5,913,0.0984090310735464,0.0204562250135302,-0.960756493985032,-0.0217974360958326,0.243361104029454,0.166203047890553,-0.176906153408868,-1.25477643798244,No Viral Rebound,2
6,913,-0.601240413595856,0.0505695964657099,-1.97461298641674,0.0267222615911971,0.00785361760596937,-2.14065351630854,-0.552268164604917,0.578347924305816,No Viral Rebound,2
7,913,0.360794821532554,-0.015567921592848,-0.331511216728242,-0.00960652125260738,0.0682912663872752,-0.565671884987756,0.402456750474122,-1.28876647274716,No Viral Rebound,2
8,913,-0.243774583156456,-0.0471922250478875,-0.995035940703524,-0.121181573794279,0.0955834099587094,0.809165709284336,0.0142299519199799,-1.74225442694625,No Viral Rebound,2
9,913,-0.0408671139805785,0.0287577414608066,-1.02941908824457,0.0477177523248244,-0.0232212586748214,-1.65964158061276,0.161518764064699,1.73641577962878,No Viral Rebound,2
10,913,-0.320558568128008,-0.0489677508896198,0.886425325092148,-0.0494725300152479,0.505879791800193,-0.687925176415464,-0.368078201042133,0.211736468384471,No Viral Rebound,2
1,936,-0.0716682677504138,-0.053844742607712,0.382316671493519,-0.0966057127606365,0.0263093495628589,0.955386035187305,-0.119559549109756,-0.725242722612726,No Viral Rebound,2
2,936,0.0231643310794692,0.0211170010492479,0.974567503542471,0.139683603771079,0.464106952248336,0.867839069240446,-0.000320353123103592,0.927830877190514,No Viral Rebound,2
3,936,-0.510282384495609,0.00305057663912017,2.39386673718415,-0.0802158619000689,0.514873072913699,-0.907632945803095,-0.159341810661088,1.45160093624469,No Viral Rebound,2
4,936,-0.903875615847259,-0.0332957640616158,-0.167425435680626,-0.00213648534093833,0.185372417673379,0.72328873390698,-0.359520308329356,0.360685211271653,No Viral Rebound,2
5,936,-1.07189877595996,-0.0368585637932159,-0.229909543084003,-0.0038533381357007,0.201902839921555,0.662975468290704,-0.0783560985031373,1.10703739685133,No Viral Rebound,2
6,936,-0.107500321637436,0.0429254607184581,0.743871388247703,0.136633081600707,0.426964335794872,0.782623893058796,-0.344715917747114,-0.00717205694366607,No Viral Rebound,2
7,936,-0.116103989267298,-0.0113425526179045,0.704823033654831,0.0765192152904519,0.339399865150068,0.821320729426203,0.162637874988667,0.807340242959018,No Viral Rebound,2
8,936,-0.213773070036333,-0.0235934553597363,-0.596434588911553,0.0356077274230465,-0.161261663924622,1.53668040559866,-0.0738566264513336,0.127569383074254,No Viral Rebound,2
9,936,-0.956901430743716,-0.0466356324590469,1.89032923272066,0.0452367888670815,0.682680502846272,0.841990282748772,0.253754016625791,0.72054499192637,No Viral Rebound,2
10,936,-0.0637261319798041,0.0110275638367673,1.01418689411356,0.0748258832840611,0.238408214089435,0.507827575375863,0.0902639251951602,0.972545123567295,No Viral Rebound,2
1,984,0.0128880650506985,0.00831157300194987,-1.78184793035257,0.00962220232696864,-0.306665627997476,0.4408740772635,-0.436254306105971,1.07660604469045,No Viral Rebound,2
2,984,0.213429611354411,0.0199635652703353,1.36295228369461,-0.0376717222924964,-0.117203029592418,-0.167972571745431,-0.111772394143031,-0.818136801436615,No Viral Rebound,2
3,984,0.248032239516519,-0.0340109767017237,0.409200305082283,0.0621416755945914,0.193618333486578,0.581781717458377,-0.413944455039039,-0.723808649800355,No Viral Rebound,2
4,984,-0.0245333806715353,0.00447615273209344,-0.468654547262165,0.0325989747691753,-0.210766574882933,0.526012254697934,-0.169027711018184,-0.263695251093566,No Viral Rebound,2
5,984,-0.0902669106448953,-0.0208542665848224,0.343088594463248,-0.0128147990432735,-0.101419193827457,0.583077470484335,0.00999934397281912,-1.44424908090918,No Viral Rebound,2
6,984,0.106123072528881,0.0101274117879054,-0.671708762691211,-0.0375557237561949,-0.220864688836746,0.849515905181915,0.0395024651563752,-1.06533810991152,No Viral Rebound,2
7,984,0.413945781002491,0.0335970244896335,1.5105756739425,-0.0147751256820742,-0.140462743162588,0.28352145962191,0.0915905244165592,-1.36423658253083,No Viral Rebound,2
8,984,0.0300003214582171,-0.0269647501998248,-0.677829112776149,0.00070696951497512,-0.00186109317968816,0.461593607156294,-0.0648309676496742,-0.0773849529340052,No Viral Rebound,2
9,984,0.0691002293729895,-0.0495218742538316,-0.339629709949885,-0.0568011327992713,0.127508782087856,0.125266492824083,-0.281606667055294,0.848406515277202,No Viral Rebound,2
10,984,0.277131417996644,0.0222769251880758,-0.611107808296757,-0.063515177940665,0.236422983650056,0.447097623195344,-0.289908741119249,-0.120290865683504,No Viral Rebound,2
1,1054,-0.397695070848639,-0.0035866921097677,0.386470914289355,0.0105992089994053,-0.259242529117878,-0.328408235120089,1.03767142336184,-0.214928757085291,No Viral Rebound,2
2,1054,-0.391577343297979,-0.00471962966548925,-0.50020887664816,0.000192207250124841,0.020719030112013,-0.520762492624354,0.675320248126492,1.72773028486007,No Viral Rebound,2
3,1054,-0.155738540534864,0.0597311470098911,-0.352892252293397,-0.0352069144838859,0.0108619672587134,-0.212464015851933,0.338129724531272,0.600429336520307,No Viral Rebound,2
4,1054,-0.485885989095708,0.0183908943563224,0.319531160976949,-0.0855912366960666,0.204627343782455,-0.749339761986785,-0.0655072777298556,1.17757661450036,No Viral Rebound,2
5,1054,-0.213048300411557,0.0602653590549104,0.913657724121275,-0.0427456696515619,0.346556882761558,-0.325987306450053,0.289850050970658,0.209084567887641,No Viral Rebound,2
6,1054,-0.656800907600343,0.0247549777295906,0.695247944735857,0.0750987119777806,0.0448894577961131,-0.599744629718188,-0.207094043273959,0.174260107786883,No Viral Rebound,2
7,1054,-0.494986803331501,0.0086321774923379,0.319670519951125,-0.109224401402872,0.189176961562329,-0.227446830086833,0.311222433226586,-0.53868371069959,No Viral Rebound,2
8,1054,-0.468937598730597,0.0406008628497469,-0.250204294531682,-0.0780091716090548,0.0378965677999289,-0.567408314621127,0.176458670038708,-0.407927046362541,No Viral Rebound,2
9,1054,0.00781697967782746,0.0887114321799606,0.283107453649291,-0.049873373270649,0.205074754885807,-0.312659132030754,-0.0826808492575992,-0.616134700901965,No Viral Rebound,2
10,1054,-0.138352082094327,0.0237878490989878,1.29921434240508,0.0178789770878162,-0.0302726345563742,-0.690407811998816,0.211462660208021,0.317533594780212,No Viral Rebound,2
1,1078,-0.104055811316432,0.0312908245079637,-0.26173024170027,-0.0828566475573633,-0.112981266311911,-0.180590445887279,-0.0997406766563529,-0.807923721237469,No Viral Rebound,2
2,1078,0.594221488485396,-0.0122688893615977,0.869456141594557,-0.0744527016737241,0.118264122013906,-0.311480352375071,0.130533365629317,-0.0562085794050554,No Viral Rebound,2
3,1078,0.296854573858459,-0.0248096177451976,1.38261650332453,0.0265128494559212,0.202450159489707,-0.182142866760688,-0.377944702966102,-2.41036275388909,No Viral Rebound,2
4,1078,0.158422814678559,-0.0232195128525863,0.0633750583262085,-0.0472242603315969,0.273700574361494,-0.306604150689147,-0.608592601947528,0.0974895587258464,No Viral Rebound,2
5,1078,-0.44951407124213,-0.0108995784266662,0.890137083349624,-0.014488356168281,0.0519220527038715,-0.657569474359135,-0.478828541441246,0.0583718119653056,No Viral Rebound,2
6,1078,0.254959051870219,-0.0199467405249245,-0.276451781661349,0.0193770581124457,0.31381780045243,-0.240983342019935,-1.02197258898829,0.446662426764563,No Viral Rebound,2
7,1078,0.376487628296194,-0.00974795973485758,1.40120146796571,0.123482258782787,0.10844350663488,-0.88646168915838,-0.256638550706617,-0.421946380439214,No Viral Rebound,2
8,1078,0.541074449198965,-0.0426949301040216,-0.344302010642614,0.0406861313148624,0.244420982864291,1.7150300051954,-0.0981136371212275,-1.28405951668893,No Viral Rebound,2
9,1078,0.473596569353867,-0.0247566869854948,0.22052800696044,0.055996552797866,0.138938245956661,-0.264174588715535,-0.0844653345611036,-0.679825691965263,No Viral Rebound,2
10,1078,0.583950909023987,0.0774556816711341,-0.0357999961963363,0.0367899319408879,0.106391813548377,-0.580877137188513,-0.24975684912058,0.318907011165016,No Viral Rebound,2
1,1123,0.3735697231226,0.0221958241310674,-1.09230098275817,0.028712753223063,0.465570054265018,-0.220400796103494,0.274853436752165,-0.157970464546068,No Viral Rebound,2
2,1123,0.304299767929686,0.0156582444003782,-0.809718783972351,-0.0906825539830701,0.194706687262429,-0.648013008890701,0.452932728064207,-1.73060451927736,No Viral Rebound,2
3,1123,0.101476853376989,-0.065779806546845,-1.30966095015946,-0.0515922299582385,0.253405683804822,-1.10313658656161,0.557924893672484,-0.572854912627145,No Viral Rebound,2
4,1123,-0.255381134084798,-0.0235474741363095,-1.50028777356612,0.0725789234416219,0.0538320736321616,-0.211444075641789,0.384152609506388,-0.0569298686929894,No Viral Rebound,2
5,1123,-0.0178101758953633,-0.0295274638112666,-0.873804311319774,0.114918430698437,-0.0174013679352542,-0.857686554641606,0.354007721457823,-2.0628419055157,No Viral Rebound,2
6,1123,-0.368375442565159,-0.0100224493441407,-1.63041943916038,-0.0669495506456415,0.190226728216462,-0.364210462823584,0.341672315561772,-0.517946277166288,No Viral Rebound,2
7,1123,-0.689426473239219,0.0262793932059421,-0.0627016706163436,0.00814597685445231,0.179569830801793,-0.606522447648687,-0.206980899171448,-0.363053436983937,No Viral Rebound,2
8,1123,0.234218582802421,-0.0046063387780255,-0.773030950122719,0.0484814535581588,-0.0827401847071603,-0.958564678095241,0.857702292826327,-0.709615803504089,No Viral Rebound,2
9,1123,0.286884745495936,-0.00236911663137924,-1.73269779010752,-0.0772426865006245,0.0638388140816466,-0.366008242121789,0.397112368083619,-0.520379078565898,No Viral Rebound,2
10,1123,0.0236702504403541,0.0167307816817949,-1.01314373412976,0.00229394174341202,-0.0426773831997653,-0.637352143254098,0.750429713459449,0.109089567156645,No Viral Rebound,2
1,1128,-0.436167422837262,-0.0118804965675193,1.01435498707801,0.0315391723436712,0.127759688443318,-0.523940490257751,0.0253131077604003,0.292886911283603,No Viral Rebound,2
2,1128,0.21681498525493,0.0171668722512803,0.633908525518194,-0.0689350071741637,-0.0699000395569705,-0.914578850837107,0.354552577021611,0.873838466896949,No Viral Rebound,2
3,1128,0.178181710741803,-0.0118466167066433,1.13198262701878,-0.0646790299028896,-0.209517996261814,-0.390382206710245,0.590768724404832,0.496474779315125,No Viral Rebound,2
4,1128,0.00660124456209935,-0.00378000492165309,0.478608956155377,0.122768602935774,-0.397719191801226,0.717507983436793,0.136437337829084,0.028095089561308,No Viral Rebound,2
5,1128,-0.324941736933363,-0.00758018569467477,0.435914926614148,-0.0741902668696962,-0.468000711622991,0.385793870540264,0.39923608527346,-0.0241563477697837,No Viral Rebound,2
6,1128,0.261145123585567,-0.00854993721190653,0.250172630318145,-0.0478782858776523,-0.297295099954316,0.210206397851959,0.26529005488516,0.597905010822365,No Viral Rebound,2
7,1128,0.259805912314502,-0.00460819878169826,-1.7279070037993,0.0739752373044172,0.0631729258073183,1.03712624957645,0.371322210657435,1.21433566172673,No Viral Rebound,2
8,1128,-0.360634689832834,-0.0709145120407724,0.837432499413116,0.0262988402740646,-0.353585723962202,0.558222622803547,0.275413150085735,-0.392845382060008,No Viral Rebound,2
9,1128,-0.486965814695449,0.0203313048984979,0.513116488282796,0.0301764124097932,-0.0379823549243122,-0.493745710490681,0.203819207925225,-0.0317541018591089,No Viral Rebound,2
10,1128,0.457593333554018,-0.0183000635488788,0.9719738047242,-0.0741737346944971,-0.437809710174147,0.893187509165493,0.0406880862466776,-0.985425605526301,No Viral Rebound,2
1,1135,-0.239498976367251,0.00330236274135572,-0.137986566611518,-0.0341655978600598,-0.000505522884614987,0.442871131267504,-0.220860811521954,-0.459525193237913,No Viral Rebound,2
2,1135,-0.532898358667447,-0.0269692229947168,-0.67312054665007,0.19570722645618,0.105021159009662,0.661893864424314,-0.224209854523292,-1.16253373608802,No Viral Rebound,2
3,1135,0.677160458820206,0.0331966742124189,0.28945633489624,0.028837563995093,-0.0423606911960191,0.370801858567902,-0.112769190887172,-1.18463695671763,No Viral Rebound,2
4,1135,1.0098053263419,0.0124527660662483,0.1755487714692,-0.0244865424790276,0.0839218907179413,0.361569342187124,0.48590267663746,-0.247303627612907,No Viral Rebound,2
5,1135,0.630063263723641,0.000412442166598182,-1.38003497873056,0.0761882519034103,0.201681757679398,0.975094429390441,0.0889263390001404,-0.906152346852505,No Viral Rebound,2
6,1135,0.135189941477651,0.0287222320215603,-0.55856758040766,-0.0757598709012428,-0.0814678726127292,0.00288740760104006,0.145869563186265,-0.338654099852218,No Viral Rebound,2
7,1135,0.0788623210044953,0.0600745948517185,-2.80617575861384,0.0597332997768335,-0.100894167998148,0.657716169026671,0.313404778794193,1.44793708581427,No Viral Rebound,2
8,1135,-0.255446607220394,0.022536811613043,-0.769023748403421,-0.0567553529505444,-0.247974597579136,0.308274652134881,0.134357044764976,-0.0874291502326117,No Viral Rebound,2
9,1135,-0.0213627808151815,-0.0313742806651089,-1.15169395245428,-0.00282488799139985,0.069812432695899,0.53916885139239,0.289727830356914,-0.382599221553432,No Viral Rebound,2
10,1135,-0.186726348021581,-0.00707711153287637,-0.111083199741422,0.060278340036851,-0.111267367956709,0.242838054054101,0.23393469931617,-0.765279927002163,No Viral Rebound,2
1,1212,1.51465642060758,-0.0309710337713172,2.7539572623506,-0.0865999957760885,-0.392496692695348,0.019417912191011,0.101379603105386,0.407417650573712,No Viral Rebound,2
2,1212,0.868125653533846,-0.0368549987385278,0.600411648194022,0.0944094427040995,-0.596126790206951,0.0698201964378058,-0.306570493985241,0.684963434520095,No Viral Rebound,2
3,1212,0.919276685127048,-0.00822597576879597,-0.24910433474489,-0.00177350315019327,-0.583802420937965,0.122853864716503,-0.341468796093775,-0.336059495135278,No Viral Rebound,2
4,1212,0.69107200243198,-0.000576934133402804,-1.31541440393051,0.00402879935264143,-0.704574639010645,-0.241912671654107,-0.616761638009308,-0.980895585754267,No Viral Rebound,2
5,1212,0.200713592878531,-0.00591193657456396,-0.40806391339507,-0.0415806889402591,-0.470482453926912,-0.248621579012322,-0.36660759871143,1.1897050714395,No Viral Rebound,2
6,1212,0.566842512535489,-0.0672602382118594,0.777036970499756,0.0758249308541485,-0.664997011503256,-0.422565249371413,-0.722787045906823,0.870502583654783,No Viral Rebound,2
7,1212,1.36944991623652,0.0112323474638942,1.78110819924868,-0.104197243088421,-0.432562315252178,0.0317799130246513,-0.430887735549992,-1.48233418925881,No Viral Rebound,2
8,1212,-0.484860109002744,0.0661413474369955,-0.700420281511935,-0.00719709700341274,-0.710522823109317,-0.14970065704636,-0.463077914482476,0.133389483424608,No Viral Rebound,2
9,1212,0.670619209824436,-0.0518353542710986,-0.132877229814565,0.0682491322981468,-0.624658473186232,-0.212900305072377,-0.66419974036948,-0.65887313876525,No Viral Rebound,2
10,1212,1.37627065742284,-0.013140991733717,-2.35110902600057,-0.0498541187561556,-0.344447926894216,0.437549097415116,-0.0852704206219049,-0.957257436312085,No Viral Rebound,2
1,1235,-0.325306283481523,0.0856722644848388,-0.788688830116545,0.0681469645160172,0.103816007358269,-0.233168672819114,0.137648506128254,-0.255813724729174,No Viral Rebound,2
2,1235,-0.259525040344699,-0.00344679950283351,0.563049517884201,0.00650109143272623,0.0193668171128883,-0.345953172405435,0.262059306255639,0.133454429440738,No Viral Rebound,2
3,1235,-0.460654929406681,0.0446866633636819,-0.453990678071151,0.0346823787154217,0.07792538534019,-0.406509412737913,0.443746733771432,-0.495934273893695,No Viral Rebound,2
4,1235,-0.522071704340346,0.0113036456496817,-0.628522004928233,-0.0939621906405683,0.518124291983054,-0.865646560908224,-0.0601118081180958,1.30878769605049,No Viral Rebound,2
5,1235,0.471239289483536,0.0195807290047729,0.495453712400386,-0.0328810351011842,0.226835960982763,-0.634565181014448,0.259149904751285,0.582797756430229,No Viral Rebound,2
6,1235,-1.13213999673856,-0.0216250604322372,0.341705628328348,0.0870607989695067,0.260409988771761,-0.382835928115785,-0.112571906649246,0.366884908409077,No Viral Rebound,2
7,1235,-0.685354127590924,-0.0460223765538426,1.43947387921365,0.0215107965263208,0.286539288508863,-1.23751963309132,-0.124478345171157,-0.549967540747472,No Viral Rebound,2
8,1235,-0.764769027073245,0.0273276711675727,-0.904460589580179,-0.0428386851552298,-0.148745857643342,-0.491217050362621,0.801297711886979,0.157113974057483,No Viral Rebound,2
9,1235,0.26160753901899,-0.0146384965149435,-0.0442373500717675,-0.0700778310122786,0.0578363775020078,-0.114098192843243,0.344732366914666,0.656406001696372,No Viral Rebound,2
10,1235,0.199454240435643,0.0304597258024619,-0.556082646899589,-0.110435962774706,-0.0112388260487169,-0.263305101107451,0.354234779599599,0.593556492047527,No Viral Rebound,2
1,1236,-0.0843492156920788,-0.00162431645543694,0.103606346970002,-0.0182731955017767,-0.117035107200369,-0.772654116888997,0.0691648712974102,0.622933422698141,No Viral Rebound,2
2,1236,0.204432791995413,-0.0377153173702013,1.15643090542345,-0.102433201759073,-0.00042581698936156,-0.013041887400119,0.258629986124006,-1.13384096392447,No Viral Rebound,2
3,1236,0.00109684995179931,0.0384500653151029,-0.604882726386017,-0.0767322162247672,0.049011284233884,-0.194846111485233,0.160752074230466,-0.0276006652777666,No Viral Rebound,2
4,1236,-0.406456141461394,-0.0254077950017414,-0.67154143100298,-0.23991592711159,-0.052388679927101,-0.259923510600116,-0.0912271568311835,0.641005960302263,No Viral Rebound,2
5,1236,0.268274289484642,-0.0170175773714616,1.33347769331876,-0.0710453888621844,0.114488078424222,-0.549198636395163,0.272195813202453,-0.366954076090134,No Viral Rebound,2
6,1236,-0.054863471801976,-0.0367398782859105,2.14299421143054,-0.0882202261610039,-0.0051238456051981,-0.351465945933004,0.447247023265347,-0.205912857584984,No Viral Rebound,2
7,1236,0.0359418267885189,-0.00432786891901727,-0.170315736747004,-0.000486612382222147,0.00340593702172674,0.336637654148201,0.163008037744532,-1.25811354481334,No Viral Rebound,2
8,1236,0.322536874256788,0.0317857534155287,0.334561322169056,-0.00210998951727743,-0.283399049991921,0.182195098980689,0.367140430130943,0.197815030779756,No Viral Rebound,2
9,1236,-0.256653287537891,0.00830700673297171,-0.341110607189559,0.0777997274240328,-0.0123096494175605,-0.0987750124262907,0.0581178450165914,0.29250598661668,No Viral Rebound,2
10,1236,-0.180448249191506,0.0303715326663317,0.212311343374966,-0.0451745273721854,-0.114570478476146,0.382028325871884,0.0797172303567428,-0.253276931315134,No Viral Rebound,2
1,1345,0.197311811141857,-0.0521323135745782,-1.09775162099034,0.192612156666305,-0.258361869658077,0.515401574212984,-0.156972385894139,0.643586913098379,No Viral Rebound,2
2,1345,0.289386871457683,0.00422635981968729,-1.49312246455761,0.0167791730553995,-0.380554207199026,0.801746017308498,-0.677356801860866,0.240868576297381,No Viral Rebound,2
3,1345,0.747394762329572,0.0173385148119276,0.495559815009545,0.113031150277029,-0.228525344518696,-0.737791067046707,-0.238632912756069,-1.85484426141022,No Viral Rebound,2
4,1345,0.765029862615917,-0.0174811283127492,-0.466470661420535,-0.0372267708920577,-0.37970467199949,-1.52021429580072,-0.211178906085081,-0.946461530665596,No Viral Rebound,2
5,1345,1.12220991720098,-0.0360778769410372,0.632507836614755,0.0356181869610717,-0.0847331150526817,-0.812258779300008,0.402928071169568,-0.6917914685343,No Viral Rebound,2
6,1345,0.809471990822547,0.0208391039452389,-1.05969880633228,0.0746486644887631,-0.403717353736031,-0.700894957663795,-0.288771370585027,0.548876927841175,No Viral Rebound,2
7,1345,-0.300615926393961,-0.01329210974852,0.202607244891362,-0.0260976332283287,-0.0455790364074526,1.15363024289555,-0.35572628082005,0.667960476351341,No Viral Rebound,2
8,1345,0.840711105886125,0.0153438152151447,0.463593150219746,-0.0417183900509802,-0.0261223994473,0.175063833684566,0.337085609465679,1.1059015904059,No Viral Rebound,2
9,1345,-0.0862230271569673,-0.0670494669928163,0.880208904211644,-0.10140892149135,-0.130427671569371,0.119269533259645,0.239676415842206,0.350772645627564,No Viral Rebound,2
10,1345,0.0227672940441277,-0.0388610845307629,0.203454238522596,-0.179665800466227,0.0227076845128127,-0.232310012404548,-0.593484001396007,0.630400048068993,No Viral Rebound,2
1,1347,0.143319053841307,-0.0545986445242102,0.0735140196212483,-0.125524028076627,-0.39828443084112,0.729355227714031,0.636128300919578,0.765066870763113,No Viral Rebound,2
2,1347,0.268175813678692,0.0342301886396475,-0.244312840675091,0.10957923257364,-0.415280279155558,-0.386031237891832,0.389798790130291,1.39137427517628,No Viral Rebound,2
3,1347,0.289379759883935,0.0442682221272214,-0.051036939965123,-0.0949397908113355,-0.610617117923047,0.487105565291549,0.248575041237356,0.178384044721463,No Viral Rebound,2
4,1347,-0.57762826950066,0.0049529432255253,-0.14710514543376,0.112191360774827,-0.559220269829637,-0.668752253809927,0.635589295977565,1.16063230021018,No Viral Rebound,2
5,1347,-0.584423388443659,0.0249757860724884,1.38561605873487,-0.028131328257512,-0.553723852351894,0.25654463467441,0.341173226863881,-0.305592295480906,No Viral Rebound,2
6,1347,-0.18214098195716,0.003607231223213,1.541147629088,0.0999167431445133,-0.240207589754666,0.164148207930876,0.382954781744968,-0.165741883774563,No Viral Rebound,2
7,1347,0.127801515284889,0.0304462868238814,2.34872479646447,0.130449400051062,-0.433069021709128,0.634634596753122,0.359126777483774,-1.44583760545282,No Viral Rebound,2
8,1347,-0.129871904096813,0.0791629571706935,2.34435083847841,0.02095668499688,-0.0340642544350701,-0.341974055995647,0.150349929947838,0.331726087306956,No Viral Rebound,2
9,1347,-0.676638817818785,0.0291388028833267,-0.172908980727879,-0.139770655573548,-0.176104112860467,-0.591578070507966,-0.104178026017232,0.0648463482494428,No Viral Rebound,2
10,1347,-0.277287545655748,0.026486430748047,0.526279282180321,0.00796685011667748,-0.474523472008661,0.345760650559608,0.148058556363949,-1.13227392779834,No Viral Rebound,2
1,1420,-0.665533209200768,-0.0337385530316185,-1.58680210989712,-0.117417702510685,-0.219145950242289,-0.178616490765301,-0.170023027063387,-1.09288967846307,No Viral Rebound,2
2,1420,0.357724576573994,-0.0414666941998934,-0.284630697261669,0.0628631132621879,-0.156981616577824,-0.209566385829276,0.491813209505746,0.236256215046764,No Viral Rebound,2
3,1420,-0.481747551717729,-0.0737165695996114,0.474034143189021,-0.041488898383146,-0.0435539633310998,-0.499262520488904,-0.00490323313530678,0.140345506328538,No Viral Rebound,2
4,1420,0.533932601114967,0.0156933630526556,-0.464304848232271,-0.0393524386045221,0.228482035405213,-0.728711521646395,0.153371585505566,-0.430154303202212,No Viral Rebound,2
5,1420,-0.117115737609836,0.00865584185785533,-0.330798964863032,0.0110499695429638,-0.0924616867454215,-0.127419347161569,0.0444641863486158,-0.992768709124632,No Viral Rebound,2
6,1420,-0.325672664194273,-0.079513078706133,-1.22842214722524,-0.0763366195772285,0.0482450844145444,-0.263046766174123,0.31506970455663,-0.63067867684658,No Viral Rebound,2
7,1420,0.756894674994474,0.0144159438550546,-2.28572863433127,-0.0619415208700329,0.0160579244867536,-0.0560545603308016,0.0504575143502909,-1.61223784533176,No Viral Rebound,2
8,1420,-0.357138107858596,-0.0106048027182399,-1.20783308386864,0.00213697565998808,0.026832069742311,-0.220622033529927,0.149944314461359,0.419197500861054,No Viral Rebound,2
9,1420,0.181585738749236,0.00773373522883711,-0.468737002004271,-0.00582114695869271,-0.0185786731810522,-0.165355117337631,0.0391645259718261,0.247557156180396,No Viral Rebound,2
10,1420,-0.490712107975297,-0.0175171968804348,-1.03756024543305,-0.0961351886203163,0.146643831936251,-0.335331751928261,0.14030831185942,-0.524190116992848,No Viral Rebound,2
1,1456,-0.865331716608107,-0.0239443486083994,1.57222677407881,0.0361905158449394,-0.0333239126338929,-0.390739131760721,0.0108312935987426,-1.54975601558355,No Viral Rebound,2
2,1456,0.0123399949400807,0.00456186092121149,0.84585853631051,-0.0787151719157041,0.0959257502055112,-0.32531470252628,0.200264647709094,0.151976149477252,No Viral Rebound,2
3,1456,-0.990002711552774,-0.0187676099608719,-0.71912062181503,-0.0386638773136093,0.0663723414524224,-0.330551606222002,-0.0500928686884176,0.889311761906015,No Viral Rebound,2
4,1456,0.0119472269325118,0.00874844171764784,0.485299292047691,0.0479263606416515,-0.100710882357698,-0.164719381438114,0.07668671101959,-0.150465566028613,No Viral Rebound,2
5,1456,-0.119724642031124,0.0304326662478336,0.255170251131552,-0.0377681464094701,0.437015211221586,-0.0765498576713633,-0.220887682822492,-0.946112195471912,No Viral Rebound,2
6,1456,-0.694103543063984,-0.024191698526283,-0.0783994436695292,-0.119286828975382,0.0856378866331616,-0.333195138485933,-0.00271948715087532,-0.707838750904503,No Viral Rebound,2
7,1456,-0.500160850088916,-0.0108270537402727,1.25486305225544,0.002758804670247,0.226779382720002,-0.918922769623412,0.207779149341448,-0.51603693933433,No Viral Rebound,2
8,1456,-0.413675379478725,0.0389312471933533,0.389035248631205,-0.164851241549771,0.0992775075680469,-0.376009863484285,-0.082441756251667,-0.609934266813689,No Viral Rebound,2
9,1456,-0.093257535496757,0.0398991096653572,0.4269974294195,0.0149544181136379,-0.121980184663768,-0.688949396171317,0.0312089300366837,0.372690998670528,No Viral Rebound,2
10,1456,-0.268288553970893,0.0515056693351655,-0.0918318171279056,0.00493590500094664,0.0949567320756384,-0.884312153275539,-0.283862322293773,0.344689904379037,No Viral Rebound,2
1,1472,-0.580487986044754,0.0504200101232301,-1.54033136913873,0.00626353914050458,0.00467282231445449,0.120604413974224,-0.138539723487984,0.187366112015703,No Viral Rebound,2
2,1472,0.0456340852999084,0.0545202741729149,1.40754706426974,-0.128394496539076,0.199938223025287,-0.58517121805147,-0.207012779064595,-0.947236570528568,No Viral Rebound,2
3,1472,0.253102585551061,-0.0171222443616907,-0.653236127435214,-0.0285450987696615,0.00235604075840438,0.16915854592067,0.130492063713234,0.148300645530772,No Viral Rebound,2
4,1472,0.372916147051189,-0.0276018871903737,-1.80066358708298,-0.089650694812369,0.0721085043538643,0.311770754612727,-0.130781437612955,0.308197811765667,No Viral Rebound,2
5,1472,-0.101432393962892,-0.0109262832292046,-0.0587796843691141,0.103847598779141,-0.0940594509913973,0.184777806071988,0.262462977586956,-0.385678061152393,No Viral Rebound,2
6,1472,-0.12669069010706,-0.0542039515582929,-0.219324305886564,-0.0597707122340003,-0.161264226416844,0.0944277914633449,-0.0151693767704395,-1.17478795178514,No Viral Rebound,2
7,1472,-0.153691555445104,0.0244512507761155,0.125902132121324,-0.0542102487930209,0.161626044492409,-0.593490638648322,-0.709323764903613,0.614078367994344,No Viral Rebound,2
8,1472,0.390022703968771,0.0414531300387079,1.19714761260733,-0.0304307273805497,0.158913224683916,-0.324815445912422,-0.353126186531694,-0.00335437010562056,No Viral Rebound,2
9,1472,-0.0749103425173859,-0.0572988961887476,-0.214479967349799,-0.108472124789614,-0.02172105215212,0.226014473695165,-0.318366652620872,-0.123698685174488,No Viral Rebound,2
10,1472,-0.185843756169908,-0.0574349429894989,-0.201881027749675,0.160571781914648,0.154010400321836,0.306645104212866,-0.572817321513479,-1.11334849686911,No Viral Rebound,2
1,1473,-0.754904975293242,-0.0393171040426005,0.264511356487358,0.0733332917939596,-0.59086061158113,0.27543152793102,0.0776644065018437,-0.0243532736399898,No Viral Rebound,2
2,1473,0.928359599890417,0.00323228006747337,-0.721122129469703,-0.0379043461793587,-0.554170025494141,0.0895575434377452,-0.627403534462385,-1.07420511881229,No Viral Rebound,2
3,1473,0.313847659946164,-0.0070170286236133,0.305318042954322,-0.0050406416518062,-0.8424088706172,-0.236238380247317,0.18747533258032,0.391404648345709,No Viral Rebound,2
4,1473,0.853594611522707,0.0275450016635898,0.434562648915684,0.031033891850235,-0.377758274613371,-0.0126064617089131,-0.310859405710977,-0.243465638498102,No Viral Rebound,2
5,1473,-0.0940486065681585,-0.00521340751352162,-0.59491797588147,0.0933701961691763,-0.730741655755816,0.11251648290051,0.437412676563029,0.441559118057447,No Viral Rebound,2
6,1473,0.471675618353685,-0.0397099850121718,-0.360865815737017,-0.0256545107277946,-0.423385463374743,0.358315086533992,-0.541851164475684,-1.42098728405566,No Viral Rebound,2
7,1473,-0.20549890904365,-0.0432293646778171,-0.780924292242857,-0.20188245539423,-0.674904198555012,0.0673833290436015,-0.118065746632654,-1.25009794368321,No Viral Rebound,2
8,1473,0.650360266460804,0.0246350904913507,-0.317456450690205,-0.0933675916497622,-0.511859963068342,-0.0578411359413304,-0.328666370008953,-0.91295581910733,No Viral Rebound,2
9,1473,1.138738625857,0.0402976296647368,0.298393593711725,0.00148441234372895,-1.03046508072148,-0.306986038290543,0.28106134694193,-0.148472438745556,No Viral Rebound,2
10,1473,1.0797045310366,-0.0395373783805516,-1.59990471610436,0.0748731938224464,-0.409555974024447,0.121768075178092,0.0335309320634516,-0.917296114543094,No Viral Rebound,2
1,1476,0.905220818460211,-0.0300678474845512,-1.29254977713224,-0.0293770613075075,-0.0232714156513829,-0.629343372527024,0.341543592781213,0.200406648649529,No Viral Rebound,2
2,1476,0.00936799905072555,-0.0559385767154505,-1.60651624282616,-0.150165087755875,-0.0037818492954461,-0.390930127619373,0.105493826528255,-0.698268797171633,No Viral Rebound,2
3,1476,-0.534703015868666,-0.0358977000131688,-1.12848424594658,0.13314619523081,0.35634733731361,0.0157254288001807,-0.176704450309555,0.343704571587331,No Viral Rebound,2
4,1476,-0.20985805079669,-0.0464982811418127,0.684351529347165,0.0940687742842065,-0.186784539556605,-0.547901913378191,-0.06722031038135,0.54726003414576,No Viral Rebound,2
5,1476,-0.915547543653016,0.0297071675283081,0.116351015206316,-0.18873264586239,-0.287190108169983,-1.35640364537533,0.462611006920815,-0.220800073249571,No Viral Rebound,2
6,1476,-0.374938900679981,-0.0425572940811935,0.536020903991344,-0.0422191548456722,-0.242852301173073,0.110730703787165,0.484737696796015,0.0767109139856563,No Viral Rebound,2
7,1476,-0.291301091577573,0.0614117495490152,-0.250891558066485,0.0123981709762493,0.381048900200541,-0.318299888351976,-0.636935692640191,-0.351192282687859,No Viral Rebound,2
8,1476,0.461024892901555,0.0256383892701333,-0.963799778060428,-0.0103936459254093,-0.146605801282837,-0.468464019372354,0.431066820424223,1.5737058274276,No Viral Rebound,2
9,1476,0.336499868264431,0.0240203374633473,0.12228189609579,-0.134579900720491,-0.181043136932267,1.66312359925534,-0.0147066897911977,-0.0735630847030626,No Viral Rebound,2
10,1476,-0.0614684310479312,0.00316221080438555,-0.00282397478274884,0.0188197724110351,-0.0340270811058871,0.265156322154906,0.491755997389874,0.0154521967750826,No Viral Rebound,2
1,1499,0.219356344197628,0.00453580057712237,-0.389682583403647,0.012368637843541,0.0617043807605343,-0.0373510299228729,0.156568630308801,-0.320193973672473,No Viral Rebound,2
2,1499,0.0905867767727556,0.0270086168085511,-1.29311044344812,-0.0773964420014283,0.112652329065488,-0.487281317599039,-0.185487392762995,1.42933759977897,No Viral Rebound,2
3,1499,-0.208415625771444,0.0510108875209106,-0.0621282838663808,0.0536227787218255,0.00841388109037852,-0.633054619306878,-0.808981569520614,0.21613249360785,No Viral Rebound,2
4,1499,0.225940706862588,0.0441631990663041,-0.533872081820194,0.0100604215489273,0.0442581213128266,-0.264607656843684,-0.0784865012398912,-0.0966029404720105,No Viral Rebound,2
5,1499,0.0433045333641749,0.0534224741714775,-0.904512517844546,0.0716594380678996,0.0227566608176606,0.17121780929211,-0.0743414342621478,-1.19205010046707,No Viral Rebound,2
6,1499,-0.0670944603173222,-0.00252880668609737,-0.823001219097316,-0.00876869768662673,0.0448723256037515,-0.329248053525407,0.397832366255691,-0.102443930855521,No Viral Rebound,2
7,1499,-0.132741354496053,-0.0445384786827388,-0.507034907621258,-0.0520540438784029,0.124404458308999,0.143088346521468,0.00423058027856651,-0.978818611457079,No Viral Rebound,2
8,1499,0.504803880258438,0.00119547591572706,-2.02206507460292,0.0238949489594678,0.248751162197097,0.125847523167056,-0.0679820997589305,2.383077502757,No Viral Rebound,2
9,1499,-0.482341696313757,-0.0369659390028156,-1.51732601576319,-0.101429402698414,0.0991094721252727,0.141009623288817,-0.123758355005065,-0.241552939233998,No Viral Rebound,2
10,1499,0.465116721445194,0.036183551372224,-0.0722632315297093,0.0519545371773921,0.0909044711305242,-0.388901170841235,0.179949059129796,0.752108374219269,No Viral Rebound,2
1,1538,-0.359924132354459,-0.00443395438870816,-0.648673602696091,0.000857942268492876,-0.373076331081359,0.914484927968234,0.126673938686422,-0.29298668918721,No Viral Rebound,2
2,1538,0.446705576423015,-0.0241640603389448,-0.417184804327765,0.0594324601700576,-0.244571848159706,0.300409858861182,0.350655485671444,1.09318765074612,No Viral Rebound,2
3,1538,-0.214520581948402,0.0957002066726978,0.250894185498102,0.0205903755304923,-0.371822930427558,-0.569791524298256,-0.136798406181339,0.303109205443504,No Viral Rebound,2
4,1538,-0.842402213212126,0.0359545509784371,0.8887657817647,-0.0417750624822288,-0.118741006969575,0.884107019010137,0.0703753259898401,-0.272075968847793,No Viral Rebound,2
5,1538,-0.272523090357701,-0.00195254645398691,-1.00682727158719,-0.104978718315679,-0.496660403607783,-0.152857801399023,0.466577965184755,1.07728074752534,No Viral Rebound,2
6,1538,0.506193813867867,0.0015176995809318,0.773635231284021,0.129091441332617,-0.278356911649005,0.415393633300485,0.264559774279628,-0.0907567397809713,No Viral Rebound,2
7,1538,-0.29543107870307,0.0141714529551772,-1.2115632566325,-0.170377993011953,-0.119679451140956,0.841799755165019,-0.413205023181399,0.192791715272789,No Viral Rebound,2
8,1538,-0.536643760806837,-0.0251271990419411,-0.599917717701514,0.0352522581517707,-0.605392889906726,0.282137004387779,-0.135748566720829,0.740816254835355,No Viral Rebound,2
9,1538,-0.286846801571708,0.0450575916419095,0.57683285542305,0.0391977234189977,-0.501513189410971,-0.41050285864987,-0.0632605733090243,1.01725464876126,No Viral Rebound,2
10,1538,-0.0499819254316435,0.0333339588133233,2.16136794324989,0.126045179591788,-0.455026998721295,-0.52713915659303,-0.0344636625699118,0.0581608472157761,No Viral Rebound,2
