rep,id,beta_exp,p,rho,phi_power,delta_0,t00,TT,I_rho,Classification,Group
1,569,8.2048625982256,2.5514411694059,0.178305952725622,6.42371137922826,1.864426183397,18.4868654227693,1.92638317833393,0.494823384747522,Viral Rebound,1
2,569,8.27005243704232,2.71384061829008,0.262113633465401,6.67319340458791,1.64019531435824,20.4594170370522,4.28485080047949,0.849154970252464,Viral Rebound,1
3,569,8.09417131950777,2.58524016447282,0.270236830503234,6.38235325614663,2.5047407413833,15.029023630143,2.2297132179447,0.365909793094074,Viral Rebound,1
4,569,8.20271712641933,2.50460701342109,0.165854005248276,6.64224439671483,1.9226042560205,16.0798341426929,2.29390865160728,1.21662822606246,Viral Rebound,1
5,569,7.89760378753238,2.65441625549525,0.268054386619879,6.58698929796985,1.59923949386361,17.9328359009981,2.49182401969069,0.208437992564296,Viral Rebound,1
6,569,8.1558101309154,2.65496822498299,0.105831092791739,6.5462681153352,1.50713541291046,13.1241478577748,2.28153423908405,2.78446850025932,Viral Rebound,1
7,569,8.11884543237037,2.6962766295655,0.206835685077349,6.4811261035616,1.90624266002623,16.6047770560252,2.00804925280239,1.29536364044018,Viral Rebound,1
8,569,7.95330021847161,2.50901495459002,0.289177479299149,6.44898261831672,2.10075056083431,14.5733996706496,1.40387026521267,1.70191507697002,Viral Rebound,1
9,569,7.94103561405371,2.65533386756287,0.118780865423063,6.59413277634128,1.63020776115508,13.3247397541257,1.88654636994462,2.48965472716505,Viral Rebound,1
10,569,8.27537381287654,2.61801788112964,0.206847588404189,6.41740554380047,1.89469335796579,14.1603131153292,3.13835691445333,1.67453399446456,Viral Rebound,1
1,659,8.11360966887335,2.69173777125516,0.250391564993943,6.4549575924431,2.97140256905507,10.13851133887,3.26281824442176,1.33016719603553,Viral Rebound,1
2,659,7.87101048399052,2.6316694602377,0.245670740733119,6.48141125977655,2.26378878701053,11.9872682214188,3.18651026902407,0.351947851578758,Viral Rebound,1
3,659,7.83547229950072,2.75422929293805,0.178930101372076,6.4736519396056,2.51543493603214,11.3552520198184,2.81627097243628,0.954901390478406,Viral Rebound,1
4,659,7.89195608456987,2.53152471320298,0.0352790612844527,6.35662018702036,2.47420256309799,11.690792670509,2.68592364480775,0.867002422071913,Viral Rebound,1
5,659,7.7957081531418,2.75390974914612,0.198037592999348,6.44966437335747,2.74537866995683,11.901854344152,1.96534963300154,0.350537875281506,Viral Rebound,1
6,659,7.98304910162363,2.68467753639582,0.0625299597525556,6.57176228689483,2.10970759883191,12.2584825491005,2.5424559733739,0.147582853627966,Viral Rebound,1
7,659,7.95381663040222,2.69038540296952,0.0426731438168406,6.48445961878728,2.7197507279881,14.1227793987932,2.5424559733739,0.507961913421938,Viral Rebound,1
8,659,8.11765507091249,2.72567445431764,0.393061358383165,6.57945710357526,2.21763847691214,11.4052451155645,3.77572975665917,0.719231173818719,Viral Rebound,1
9,659,8.00581999107324,2.67553731157168,0.0467968430997994,6.4605778774213,2.50365153306131,11.241344547497,2.63756621698855,0.112097102230701,Viral Rebound,1
10,659,7.78261089296557,2.76076645080983,0.13915781280389,6.42149194536708,1.94681930735311,13.0421599762565,3.35785613088666,0.67285781513338,Viral Rebound,1
1,687,8.25533070055995,2.8071086198004,0.279753390325513,6.4107988116308,1.77511327408772,13.4286032698097,1.86682435871745,1.79278110982449,Viral Rebound,1
2,687,8.1751902597893,2.66539722052375,0.465931211428962,6.32912677045777,1.73609425584825,12.9262811921295,1.93873961598042,2.00858192936853,Viral Rebound,1
3,687,8.08278760163713,2.59599796831947,0.210770068526742,6.39129895262371,1.52516593209977,12.2825639368295,2.00916058497621,3.57307607729085,Viral Rebound,1
4,687,8.02784042923949,2.68353401726863,0.42567513265947,6.54699155644007,1.81148404670995,14.4383815287522,1.67648843400236,1.15393611509322,Viral Rebound,1
5,687,8.02227621636582,2.67192900272676,0.301855622280195,6.52885701702564,1.93300557511505,10.8835363150976,1.33650484646149,3.12886482033222,Viral Rebound,1
6,687,8.13709195799141,2.65724230798625,0.547486096207251,6.51870018070043,1.65404851983799,14.2223123719775,1.41403817505514,2.07162432334442,Viral Rebound,1
7,687,8.05122737950883,2.60796139550687,0.46954211890334,6.48604927276566,1.51933322971965,13.2188148804098,3.3227637081181,1.74486823379671,Viral Rebound,1
8,687,8.06456223917123,2.62137066983973,0.163473034894507,6.34041828994824,1.60463623150875,11.6576564646066,2.52495224095647,3.15735347706398,Viral Rebound,1
9,687,8.13440078806965,2.76214340299391,0.289457858207353,6.37780372407989,1.9611169538377,13.3642472815021,1.02168167938132,1.99041819848915,Viral Rebound,1
10,687,7.86421305144329,2.76113072632931,0.141318879326019,6.40068178855573,1.9622158630026,13.0691491687412,1.03985289455482,2.01932207224102,Viral Rebound,1
1,792,7.84170585978168,2.58485171669103,0.101731555602849,6.50074091390065,1.895113548797,11.3164453063077,0.981553322412189,4.12138788465832,Viral Rebound,1
2,792,8.21227220552571,2.58861778696148,0.378260946137775,6.3475571307864,2.14636491405444,10.3367706119686,1.51608302038058,1.04924274796431,Viral Rebound,1
3,792,7.90516191926097,2.58452925488619,0.429061217808679,6.59861332336644,2.24426793262922,19.6140354570523,1.84763288668745,0.852679613203684,Viral Rebound,1
4,792,8.18032402821675,2.66442582262134,0.498546174966717,6.62622894391725,3.37118239320327,12.5597091613661,1.99506515736037,1.47386919598708,Viral Rebound,1
5,792,7.84153861018868,2.8192500457552,0.296458876092644,6.42290184334557,2.33994234718698,16.5776105625196,1.22155466980331,0.129902786342161,Viral Rebound,1
6,792,7.9980326809718,2.66958164526325,0.132281414269827,6.42524255566727,2.60399847596739,13.5161432955413,1.60820941560539,3.32992556948519,Viral Rebound,1
7,792,7.97959061176966,2.55256195744644,0.229999586943926,6.33564393343125,2.29264495141331,15.7930577114596,1.79415456848644,1.58928352403051,Viral Rebound,1
8,792,7.96598580354693,2.5782770737794,0.214918468574189,6.47884237975469,2.40372660976342,14.597809025281,2.64956351283858,2.67990651855115,Viral Rebound,1
9,792,8.25856964843208,2.72527347985358,0.684207743722733,6.32448718643711,1.71064283797153,13.2790563837915,3.61344867090552,1.01987519487758,Viral Rebound,1
10,792,8.03486738053509,2.60992040806806,0.425393748237938,6.40440353638578,2.27282174883545,11.9964926572376,2.06761035819565,1.34187741215022,Viral Rebound,1
1,883,7.8878825496311,2.67644009687803,0.155542405755432,6.48922889471789,2.5543697259904,12.8905360990721,2.29992270591679,0.86609672615643,Viral Rebound,1
2,883,7.9712516379505,2.90532962200188,0.19917628447958,6.52222157302746,1.96903935511952,19.1607863830967,2.22920755019044,0.123141840062584,Viral Rebound,1
3,883,7.91156298007205,2.67951860925136,0.154018875395536,6.49061991097648,2.29071328541139,16.6190024512992,1.33526862217242,1.22749693495969,Viral Rebound,1
4,883,8.0719335467568,2.52429822229024,0.0990825878290711,6.48529863935736,2.59634455482368,17.4168522102918,1.61234796732398,0.364558200250851,Viral Rebound,1
5,883,7.94556005646768,2.71617231212881,0.129244461189171,6.41805602519347,2.64337437400435,17.4034067395029,1.26122785548512,0.156164494346745,Viral Rebound,1
6,883,8.1525814251638,2.69076651728464,0.192942001183083,6.53579102171215,2.13475676250087,12.0580113078986,3.56873889947583,2.20847925147636,Viral Rebound,1
7,883,8.05875989112006,2.6755630063825,0.146279157944218,6.49774034584863,2.72515209081111,14.5820735146549,2.01432182303508,0.422952031583575,Viral Rebound,1
8,883,8.28168182288806,2.65895257996014,0.164135283224454,6.50523984737102,2.99391508264484,21.1478004688043,2.41000708423557,0.428190328079203,Viral Rebound,1
9,883,7.93392439495254,2.79279098711545,0.176033920068939,6.47314391946755,2.23803843994423,15.3347290888069,1.73913691620789,0.457591121163866,Viral Rebound,1
10,883,8.0530853501989,2.75971152225836,0.336026479461591,6.53536771121104,2.51672616522555,13.4856750886032,2.12291653070552,0.734281603919255,Viral Rebound,1
1,900,8.13680895182415,2.77894498292849,0.211605565577428,6.68669842621661,1.95511545439769,11.3413413432715,2.10854930509743,1.23494172274279,Viral Rebound,1
2,900,8.05609471311017,2.68331339866411,0.210924191007008,6.43854037211324,1.8794409881689,11.0409884860225,1.82954187542522,1.18558921457391,Viral Rebound,1
3,900,8.18587039075894,2.57143251347246,0.246558386673442,6.45310440752151,1.46420379669404,14.6056525985841,3.59209233850955,0.312156443527527,Viral Rebound,1
4,900,8.1542356612228,2.46219846895462,0.0530189384557024,6.44110464649543,1.36836355267576,12.7094146020897,4.02673745280256,1.19777321883087,Viral Rebound,1
5,900,8.06300496068829,2.60741471174499,0.0553939266597254,6.41844626222075,1.4123648704896,12.6573901178552,2.27143008412061,0.572871527922188,Viral Rebound,1
6,900,8.24036977011423,2.66720121430163,0.136902468428249,6.68283922498109,1.58983226900178,12.8248667221354,3.25755841630482,1.20650093535646,Viral Rebound,1
7,900,7.90743567715737,2.63027543518937,0.142458210222978,6.49210116578009,1.89609767118227,9.75773037508425,1.56076406184721,2.34519519688273,Viral Rebound,1
8,900,7.83376305820377,2.46184797405087,0.194688321484778,6.55766170257703,2.20252545764441,12.71500864726,2.59353699722568,0.184778815998649,Viral Rebound,1
9,900,7.89214141397616,2.63992839636601,0.0690284605341358,6.66055703332715,1.48375026132568,10.1198597645123,2.22084024945885,3.05478180502154,Viral Rebound,1
10,900,8.16637804261756,2.53870573145316,0.579177590703588,6.40854012225345,1.96507696425617,11.8086150556826,3.3618978339971,0.375279575153279,Viral Rebound,1
1,902,8.02020789865915,2.69174080670731,0.256925559263913,6.50080435955128,1.55348389267846,16.927989556985,3.53344046839237,1.1196894433111,Viral Rebound,1
2,902,8.2795319001132,2.71072372687627,0.191245440043074,6.69216426605009,1.64666679494824,17.4220035676785,4.10374726509215,1.46474907676399,Viral Rebound,1
3,902,7.95036949427719,2.85183733910098,0.0940952139630705,6.35893024835483,1.61697344647711,16.9425960211278,2.9063569810573,1.31217608587437,Viral Rebound,1
4,902,8.05186894467697,2.74711722189665,0.286928082314381,6.47270501583843,1.82680575837034,16.7476600564646,1.39535818324044,0.956757652232099,Viral Rebound,1
5,902,8.22703220482355,2.6757084381862,0.36616285804128,6.54890133709402,2.18836783183555,15.8939103124454,2.30652150460515,1.24963925408262,Viral Rebound,1
6,902,7.7771542583715,2.58341918164229,0.208313098841626,6.54095575819647,1.92477590958234,16.6441679430081,1.70949678149264,0.85623266495024,Viral Rebound,1
7,902,7.85178249421018,2.63041159592302,0.272131166057018,6.45969964058862,1.67160369891362,15.6423708361747,1.32978866271091,1.68809508415461,Viral Rebound,1
8,902,8.15649594966819,2.62866678002857,0.208091359930906,6.33540752684557,1.7718998659618,17.0041020576167,1.94044239510109,1.40330126682792,Viral Rebound,1
9,902,8.05736752268923,2.77505457764877,0.281268902823534,6.48629986078633,2.01818732480174,17.3145761140811,1.79635105556743,0.590444975559662,Viral Rebound,1
10,902,8.11888180480358,2.76621523131314,0.412133707212563,6.46533601413389,2.33595685772417,16.6689096236831,1.15001605227236,0.787125179479449,Viral Rebound,1
1,903,8.38833205639704,2.70796140291371,0.0671916336863118,6.47189181130807,2.21840253603115,11.0142424943619,1.17735019026148,0.395594073260442,Viral Rebound,1
2,903,8.18449011699575,2.57395999497216,0.012740841100515,6.55054789312218,2.87780570058794,13.0708650314743,1.19388825045381,0.433423947282041,Viral Rebound,1
3,903,8.29195286989537,2.64808686614816,0.258778141189316,6.45862814284437,3.18936825528336,13.1229622799723,1.270839614637,2.60984003592349,Viral Rebound,1
4,903,8.20914110618494,2.6399684446618,0.169549433385812,6.52800954253208,2.78060384265978,11.4178856473534,0.634506476353448,0.263109056174018,Viral Rebound,1
5,903,8.19662008277356,2.5781616210275,0.289164385502053,6.36625216122357,2.81335753985839,15.4186349846787,1.55556444170484,0.440864094191814,Viral Rebound,1
6,903,8.13462618920694,2.60756043572103,0.0237847715472154,6.40486492706227,3.39095451883503,10.7384764158893,1.20461160385599,0.501569948784716,Viral Rebound,1
7,903,8.31285293188366,2.61237786745947,0.245670563004431,6.56890535061026,2.78336208063721,17.4040312930224,1.74873602120982,1.24421623728799,Viral Rebound,1
8,903,8.3757493246858,2.72504864447761,0.119192878060424,6.52386590108757,2.94460120654679,17.0483429535645,1.60473635006069,0.211828139628995,Viral Rebound,1
9,903,8.42981607764958,2.59349426207131,0.245413208221648,6.56327819340878,2.12647017426024,11.7585176065984,2.39245535294228,1.55594670977462,Viral Rebound,1
10,903,8.29451781278623,2.50296496040113,0.05788448230207,6.54033124922292,2.12600440201966,12.0368829347056,1.68224219242439,0.348162974851839,Viral Rebound,1
1,910,8.22572635908319,2.74566542529783,0.355788316535734,6.63643299177865,2.17079461609827,14.3572121620601,2.06839832173163,2.31253008588919,Viral Rebound,1
2,910,7.89987885763185,2.84147341071542,0.264369333981926,6.53345670079862,2.19269499269327,15.9362350064547,2.23425482481491,0.475727834879039,Viral Rebound,1
3,910,8.0499734162132,2.70351275967624,0.191029578403965,6.63878174877679,2.18310060923279,14.4496813616441,2.26292031642731,2.07728368424993,Viral Rebound,1
4,910,8.0327288924922,2.63826375984939,0.220078560358473,6.5371976251792,2.19719847024419,14.0501778671812,1.56297589857964,1.93877959874221,Viral Rebound,1
5,910,8.11557147369317,2.82838229194683,0.242077974990804,6.53641682544335,2.23919868602293,12.1284165704698,1.70527187152795,1.5602579770994,Viral Rebound,1
6,910,7.85826720617438,2.76445848963191,0.201696667737375,6.55223581803755,2.15398147748536,14.9498984224369,2.01383589794201,0.472977672268131,Viral Rebound,1
7,910,8.00394317760838,2.69322477203369,0.229936506964866,6.41081407114867,1.75031592025179,14.2931573522272,2.47026420183884,1.92023167405801,Viral Rebound,1
8,910,7.92083878840944,2.74387898528271,0.226665367162977,6.31719562704819,2.35865306864085,14.7391632033575,1.86970698711681,0.250736360385246,Viral Rebound,1
9,910,7.77929672783052,2.70578763067899,0.767887076987615,6.65372386380423,2.04746492103087,11.6896752993609,2.36769839478137,0.507952914487677,Viral Rebound,1
10,910,8.01309634439495,2.62854889302774,0.599095018543435,6.60093729240968,2.3395518550695,17.3513982535261,1.72942386119262,0.591904847090857,Viral Rebound,1
1,959,7.91510534317811,2.66801127248812,0.179661377433331,6.50891647672174,2.090862050071,13.1787667969817,2.72684818498315,3.37183682496074,Viral Rebound,1
2,959,8.15676671321438,2.70452298290116,0.098609586214424,6.32448283765115,2.55234497717865,12.5885316810291,1.8093232615089,0.455042665180758,Viral Rebound,1
3,959,7.94215399095119,2.62996621913238,0.0254142217679894,6.38870996825904,2.36297034545875,12.0675904919284,1.52161742633236,0.394452938242905,Viral Rebound,1
4,959,8.02406615982297,2.67399793794242,0.292310447432166,6.52478320537961,1.725973713059,11.8673419354388,4.23364581891309,1.14769013705219,Viral Rebound,1
5,959,8.00489907146651,2.64451541444534,0.146093533839338,6.5720671420715,2.25456079172596,12.1688198273394,1.60656037897318,1.29844201462517,Viral Rebound,1
6,959,7.92483011214029,2.6949189366929,0.175697855970092,6.54470557577605,1.83059990061779,11.6293100782318,3.47491730968043,1.58860394251382,Viral Rebound,1
7,959,8.15201748704675,2.60098729267023,0.0284565857268779,6.52634010908113,1.51409988404022,12.679880103226,2.23697400667145,1.12313272302306,Viral Rebound,1
8,959,8.1328572572569,2.56884300419116,0.159318280088166,6.45652720308882,2.96911275480232,11.2277653233353,2.23697400667145,0.941552327004069,Viral Rebound,1
9,959,8.25454781960073,2.58721957832431,0.0909736339069838,6.46451821993157,2.08172711583002,12.1723884263972,3.07446953228466,0.284142943793019,Viral Rebound,1
10,959,7.92704706013841,2.66388597518813,0.229366939340413,6.51716604195141,2.20181895059164,12.3537883011567,2.9623602137373,3.47140171013486,Viral Rebound,1
1,1027,8.1260089802679,2.54706696136688,0.696513852462105,6.5875267867984,1.77758055664828,14.047614996332,1.12013019821867,0.769610006717853,Viral Rebound,1
2,1027,8.20709562318166,2.76504991382039,0.12473404449772,6.5106465358023,1.98345957925523,15.9498006673806,1.05448109947119,0.147940686198528,Viral Rebound,1
3,1027,8.07550420231223,2.61707287627204,0.125650208027545,6.51245517567408,1.8603024837381,15.1280434799785,1.18913813812275,1.38025099686678,Viral Rebound,1
4,1027,8.12681036864047,2.67913334108084,0.156540189777612,6.43176012448061,1.6443092326592,15.634753152954,1.22018983508712,0.101018595796812,Viral Rebound,1
5,1027,8.16753132974499,2.62664159383736,0.181441523763874,6.45439174822662,1.85714854159001,13.034964957637,2.16863674309114,0.937065351918003,Viral Rebound,1
6,1027,8.02284578602544,2.61049224303084,0.354737627189749,6.52921763950443,2.29747533581312,15.4266014864452,1.23735692790858,0.361719262502272,Viral Rebound,1
7,1027,8.03159300845501,2.66671616826038,0.26702148679092,6.48453918996874,2.22362909180046,16.4726059883777,1.05485188965731,1.55704612530767,Viral Rebound,1
8,1027,8.13771271914852,2.58552118737295,0.352307973581156,6.47526959805324,1.83654263313922,15.6220094165986,1.76550550427675,0.12433170102731,Viral Rebound,1
9,1027,7.98265494772936,2.6546645716965,0.0836719677509588,6.52534550090888,2.38881796332606,11.197050054103,1.56873432551662,2.75689986042629,Viral Rebound,1
10,1027,8.22147913786414,2.60776678541497,0.122265151450387,6.47382948491793,1.49903899189603,14.1482898867528,2.15662021202824,0.893289956133773,Viral Rebound,1
1,1104,8.23279860810203,2.75539613954606,0.107027825109975,6.42181413944535,3.31661304719987,11.5128684623602,2.30647598497215,0.107183985953519,Viral Rebound,1
2,1104,8.2555337060784,2.56432752133269,0.189784976501186,6.5064105594889,2.57174084923069,11.4663181143315,2.54016559899534,1.57449371799265,Viral Rebound,1
3,1104,8.28966991528225,2.56983543082611,0.0979216880911002,6.52311372053171,2.34465241635445,10.1364310736684,2.82569431683308,0.616684648046717,Viral Rebound,1
4,1104,7.94229077778925,2.54832272450253,0.151218925318367,6.37812721432108,3.82638753535091,18.5978359598297,1.87670593974339,0.952124474054305,Viral Rebound,1
5,1104,8.26327412955205,2.72712730475065,0.349045187288525,6.61764307452248,3.34966086828715,10.1541969181528,1.72555627917415,0.580684744237518,Viral Rebound,1
6,1104,7.95184667622456,2.71126761625654,0.220812210640087,6.40208340948977,2.28255180683588,13.7341628181436,2.16435201817766,1.46403094781651,Viral Rebound,1
7,1104,8.19240982172364,2.6089724208679,0.274153612502744,6.4847282446618,2.84854801337729,13.1461140242772,2.46326257587787,1.85108133592169,Viral Rebound,1
8,1104,7.97782045038322,2.66619236897749,0.158201937833845,6.47649315133488,2.60794968212525,11.6599941990477,1.55514778590919,0.997923645391999,Viral Rebound,1
9,1104,8.08860066655569,2.71243099173334,0.0903176797749534,6.49090171597581,3.35101848448769,11.8593397992449,1.82945340273522,0.707717754369765,Viral Rebound,1
10,1104,8.02455648021595,2.4751390258301,0.196513811388487,6.40130187916303,3.03630465579568,10.0763454972556,2.20353012878119,0.277657072212154,Viral Rebound,1
1,1105,7.73748186841684,2.60770205443757,0.0540990795154588,6.47676120351953,2.27581207219421,19.7266264610595,1.31676107437777,0.629124624637028,Viral Rebound,1
2,1105,8.16053923480163,2.7689265188216,0.125801260772884,6.45814888767625,1.81793957098383,19.3193616848574,1.85700535742473,0.364713892118376,Viral Rebound,1
3,1105,8.10737968204023,2.52830620069806,0.0605653423524198,6.59725347943783,1.70630675590006,20.9517286131377,4.01374709303769,0.663757488983186,Viral Rebound,1
4,1105,7.84811048703272,2.526712775533,0.0594206409736668,6.5148862150501,2.0629166479711,21.1289303588472,1.45069115503714,0.222898201615855,Viral Rebound,1
5,1105,8.1701563085923,2.66750528143495,0.0939885236083478,6.49899661494962,2.14027762332345,22.0618938862226,2.28647659575338,0.401456410291602,Viral Rebound,1
6,1105,7.98014421895443,2.64736764799811,0.0596478254194374,6.51045455378439,1.66681465475504,21.4781288063518,3.33871119308614,0.135068743486232,Viral Rebound,1
7,1105,7.88730207172825,2.66366250951903,0.0803609722484422,6.61281527874562,1.56813574557328,20.6214416487612,1.87006904051338,0.199952233540129,Viral Rebound,1
8,1105,8.00671017075542,2.66413508727539,0.110420952661331,6.6059521714635,2.07851202727701,20.9447126258896,1.28297862907879,0.700961414606152,Viral Rebound,1
9,1105,7.97126116086041,2.60267204807285,0.0867564327704747,6.47385627406131,2.06496814534715,21.0313312013985,1.20024224291284,0.217578917972531,Viral Rebound,1
10,1105,8.13337834164343,2.62301757178369,0.13568264164463,6.59252689243274,1.94636353512397,20.3553358961171,3.40573740976386,0.208620673720227,Viral Rebound,1
1,1211,8.19667349030463,2.68098706226306,0.184548440281189,6.60470711868245,2.02455424806748,10.964211059147,2.83593540977877,5.67494733788355,Viral Rebound,1
2,1211,8.13354524536731,2.68484163319824,0.114690061692787,6.46214927313275,2.02629555757659,10.7478761724432,2.37254596820211,10.3603726676872,Viral Rebound,1
3,1211,8.19643018413323,2.63205957549266,0.137755271368925,6.47723535236997,2.24243396442233,17.4567153043927,1.69023533126249,1.31736347056708,Viral Rebound,1
4,1211,8.10825697258118,2.74917319369302,0.250365309020552,6.67291899479147,1.45191232529197,18.5232328018907,2.66275231281968,0.905891587983617,Viral Rebound,1
5,1211,7.92308423254124,2.46681786404457,0.228902035591318,6.41085611354734,1.9576292587122,14.0677197148378,1.47326364810004,2.55604172988409,Viral Rebound,1
6,1211,8.17185753384161,2.73067456558315,0.461513202787232,6.50193873270439,1.62614388826544,15.4163773917613,1.74131866133916,0.9022782101135,Viral Rebound,1
7,1211,8.00093562681188,2.52822063240714,0.201217917920391,6.53858948419273,2.00316507490029,17.0340346096032,1.78563473049812,2.12326029712237,Viral Rebound,1
8,1211,8.10559738426805,2.64209645951897,0.157902978819097,6.4762011430898,1.80680157261449,17.8578607871995,2.56671435980813,1.59681389032873,Viral Rebound,1
9,1211,8.41756895244595,2.76987462396463,0.0452938260804856,6.56358101655746,2.26550136536285,18.3992430130141,2.57296926614133,7.18069352933888,Viral Rebound,1
10,1211,8.35557533076946,2.70770544592988,0.229341272035577,6.44952038836392,1.6829282641003,18.269698973,3.48778925526207,1.59277725686272,Viral Rebound,1
1,1271,7.81878053897416,2.68428725824537,0.159499061782354,6.53333727865776,1.46267158473996,12.7121074695884,2.08516543947282,2.02963677363565,Viral Rebound,1
2,1271,7.94385280481411,2.58623822711732,0.03125204254056,6.40020349750151,2.73612237632086,8.69010794743885,1.40105445274717,1.88708147637512,Viral Rebound,1
3,1271,7.98718742370693,2.6199994330219,0.0562051214450532,6.41254535940897,1.65857122214057,12.2882536031829,1.63351232093516,3.24825206075474,Viral Rebound,1
4,1271,8.04160372936231,2.6075521668042,0.579603855171205,6.52037234252825,1.11541791798532,13.4816377995528,2.26912626923135,0.876417244413298,Viral Rebound,1
5,1271,8.21950741524379,2.83304069596123,0.111419118297421,6.50322321166293,1.80252177248379,12.8229105141882,2.18430132657158,2.22519898031101,Viral Rebound,1
6,1271,8.0110293508203,2.84697129038607,0.187312135874381,6.44651160169785,1.87542583414522,11.9630204827487,1.71566735161795,2.29110079792728,Viral Rebound,1
7,1271,7.95164169557654,2.60120478565649,0.19892010889153,6.62062699257075,1.93812016739566,12.6244056777475,1.66016039291823,0.782804510718746,Viral Rebound,1
8,1271,8.03679959955518,2.70282926958442,0.233466403339905,6.54296169925427,1.93192004394473,12.017301216898,1.54577260683809,0.560834720869493,Viral Rebound,1
9,1271,7.88813426289611,2.6770741048387,0.463140075458694,6.51533708773463,1.75326527178379,11.9699646493327,2.57511531686413,1.5013050651706,Viral Rebound,1
10,1271,7.8083391511865,2.62690259997155,0.178999725528991,6.48558972811516,1.72166818545,11.6810141320342,2.04820207237974,3.68540458639653,Viral Rebound,1
1,1333,8.22082196509194,2.70338169614041,0.27168447910388,6.67457184359539,2.68612487116895,16.0555833258192,1.7062051406552,0.662606357377899,Viral Rebound,1
2,1333,8.16081743580951,2.43612297924319,0.45842765840569,6.43195547035815,2.10926179787803,14.2889371570554,2.57831534950811,0.306891763876732,Viral Rebound,1
3,1333,7.88792472476514,2.72367207834846,0.101078182101915,6.40740624539593,2.13340916199197,13.6087757175919,3.05741055718831,0.289896129723411,Viral Rebound,1
4,1333,8.30462907179612,2.63443422783537,0.105218390387722,6.36824918134482,2.27069457309233,12.3579954941336,2.02640339168225,1.10357496266228,Viral Rebound,1
5,1333,7.83551366891187,2.58749482913255,0.234592412504557,6.50818808902076,2.7453710434361,13.6560612408793,1.19923556902328,1.5453946444145,Viral Rebound,1
6,1333,8.07123692715152,2.77175605072105,0.286791201611641,6.58248069787345,2.14710642430815,14.4982982982232,1.6850272464898,0.847800488156045,Viral Rebound,1
7,1333,7.90574987795572,2.66477177950423,0.226525830200284,6.50593615490901,2.51606483080994,15.583686818347,3.20971119674247,0.484280097155975,Viral Rebound,1
8,1333,7.87724671740418,2.6562119566119,0.165031608488543,6.42820689029205,2.71919462368534,16.6155303965251,1.88454019008538,0.102740407142354,Viral Rebound,1
9,1333,8.24758342957321,2.61707482953759,0.254130627798336,6.536337228276,2.77523310699803,13.6061549966453,2.2805730129849,0.871753929365037,Viral Rebound,1
10,1333,8.11018114455773,2.81738706748818,0.171343912416497,6.40680127987596,2.29221989397752,12.1974776028586,3.29133005487141,1.65284629814091,Viral Rebound,1
1,1444,8.1389835589335,2.67053316232259,0.0690038133550002,6.41936329764858,2.07256623859279,10.1016402260444,1.63284158842748,0.298050604980216,Viral Rebound,1
2,1444,8.27801904820215,2.70979014789711,0.0203121278941327,6.40081584972867,1.62450316268254,10.7150607952722,1.80366561313753,1.27283962142638,Viral Rebound,1
3,1444,8.09766076716654,2.58613363657143,0.0793894331858422,6.5132246456743,2.47662161706828,10.9696089818474,1.8918707426999,0.282155237041405,Viral Rebound,1
4,1444,8.15185536602155,2.69312354803426,0.407344402642932,6.39426494860043,2.24249486437447,9.61927054755689,1.46818277081784,0.564813525711359,Viral Rebound,1
5,1444,8.29289324448735,2.76137332436755,0.137730480291103,6.50096868117445,1.69511473487891,10.4560467367686,1.67990422196672,0.343478501480217,Viral Rebound,1
6,1444,8.0946205256444,2.58927172158357,0.0602552621520851,6.55825811876175,1.45711074377983,8.83920043887269,1.0429524411144,0.448646095572198,Viral Rebound,1
7,1444,8.00271207076851,2.61104373456735,0.317904015271022,6.60185557700078,2.0382696739958,12.9180372315364,1.40855724819411,0.251692724893175,Viral Rebound,1
8,1444,8.03032302505188,2.46654701445891,0.110951364257327,6.51475498756333,2.07667328119512,12.1260265658717,1.90112572221385,1.6549089365704,Viral Rebound,1
9,1444,8.2997622921195,2.70978858606263,0.170583360162077,6.50767882680433,1.87875549101515,10.0980414896989,1.62322982445287,1.87769523020118,Viral Rebound,1
10,1444,8.23816548714883,2.68198552908154,0.228841302428802,6.47776352938138,2.06753429802854,12.8441968122547,1.65026308246379,0.779614767994454,Viral Rebound,1
1,1457,8.06481660909822,2.68731756038159,0.292287716757298,6.55480658319668,1.3988584125593,15.7122705536349,2.01022233095299,2.15126693304004,Viral Rebound,1
2,1457,8.17719122896195,2.74985213095288,0.768103570603385,6.49393334720939,1.35637513158608,15.7021905898039,2.25316165339456,2.87611755700992,Viral Rebound,1
3,1457,7.80759162342753,2.6751227921509,0.0754538791399013,6.44515758900935,1.21220420804743,12.4519010409712,1.98324600091925,3.79922428272841,Viral Rebound,1
4,1457,7.98909934389329,2.66669476226611,0.0746378275207078,6.46293212336215,1.60795648131214,12.4349398256766,1.7463671733488,4.12915907194448,Viral Rebound,1
5,1457,8.19600696408844,2.64970492145564,0.227534444650997,6.42054793658381,1.73501325306758,17.8672025754604,1.32104992030189,3.16289901544068,Viral Rebound,1
6,1457,8.16749470925427,2.77754374871457,0.167849354277075,6.46827759248464,1.50916984930357,12.8639083277132,1.71806533040626,2.86107545641163,Viral Rebound,1
7,1457,7.81310936967214,2.64380011250952,0.179268078958451,6.44196149791626,1.68229390559742,15.7289351695636,1.23496960388072,4.59376683432809,Viral Rebound,1
8,1457,7.99684180599818,2.88898624587436,0.242096121115634,6.52663394389046,1.77008129317913,18.3897824247938,1.81043160831094,2.82069121269752,Viral Rebound,1
9,1457,8.22081509483071,2.74092773584135,0.519043488325044,6.42358994774292,1.48848331669646,15.6601824366956,3.26610714683631,1.59881232314456,Viral Rebound,1
10,1457,7.91854684150767,2.63497257381951,0.539068961128531,6.4790155953863,2.1050531870225,16.4068248684653,1.2500031073663,1.3306858307284,Viral Rebound,1
1,1537,7.81381891631107,2.61446226119867,0.230723459000453,6.51984875088095,3.36532107955122,12.3903860567341,3.47466682506263,0.743394772302771,Viral Rebound,1
2,1537,7.83487410062656,2.49405698040204,0.192131416111568,6.4483248964766,2.79664671521939,13.5443620436431,3.20183690957699,0.364793240637494,Viral Rebound,1
3,1537,7.79808445702326,2.61956492730017,0.30940760245711,6.51762424073971,3.50887351441916,16.4435000551945,2.69942119019375,0.229707913933616,Viral Rebound,1
4,1537,7.90644929139025,2.66524599286781,0.214960513191454,6.43110685069884,3.10630395672072,13.1091930011682,3.62413648228908,1.386847244158,Viral Rebound,1
5,1537,7.82493293925986,2.57817487396607,0.122112275844377,6.47080858859543,2.76149588761242,13.6341926262403,3.50538164571576,1.32990385196904,Viral Rebound,1
6,1537,7.76955501585631,2.60786092353246,0.1123460247591,6.59490397488765,2.41394277997301,13.3114823472841,4.76489259511243,1.30809876511539,Viral Rebound,1
7,1537,7.90009703705258,2.70156499595308,0.078095598033318,6.46666129342563,2.80349638707459,13.0467179724417,3.98353216244605,2.94755397595814,Viral Rebound,1
8,1537,7.83104070222426,2.54728145602565,0.110854966349391,6.42434086855948,2.68580379297174,12.8943954513291,5.07134682589777,2.33208810628445,Viral Rebound,1
9,1537,7.93931161966577,2.66737381582503,0.163545919341751,6.43590457676507,1.86024508910846,12.7021214049093,5.98387462005313,0.346405716805435,Viral Rebound,1
10,1537,8.05809637688279,2.65933455742171,0.214630143702199,6.40466745149573,3.11616224134778,12.806831711278,4.29597627927482,1.36268551928607,Viral Rebound,1
1,1560,8.01836209893022,2.6175501739185,0.145074050344929,6.40503305149205,1.7381778852206,16.4927798223518,3.27320223309945,0.392667807517277,Viral Rebound,1
2,1560,7.98927761888539,2.67212722374283,0.132895127467456,6.46407870819142,1.64441298270996,15.8431102559089,3.21702738646084,1.45570642181759,Viral Rebound,1
3,1560,7.99456994377322,2.5901336283376,0.0833224239968225,6.46292533430438,1.43042846916262,16.0829563186422,4.89559519977449,1.75805620596528,Viral Rebound,1
4,1560,8.18146779474204,2.78580161828505,0.196852808624361,6.54025476713812,2.19513466864061,14.7493388300359,3.11823777757088,0.529341442140892,Viral Rebound,1
5,1560,8.07176539242709,2.71570173993438,0.18201715663441,6.50781872771753,2.18105325740158,15.9335622362554,2.83306219156416,0.215433799289184,Viral Rebound,1
6,1560,7.90001740919304,2.6290700111217,0.10473018957111,6.44461929242228,1.74662548740834,15.8461052713716,2.69802455385957,1.14020184343838,Viral Rebound,1
7,1560,7.87916812523356,2.71071757507921,0.142036303495076,6.55391161050152,1.88719472505442,16.0041467843878,2.68658045154307,0.518367660985241,Viral Rebound,1
8,1560,8.08739785602731,2.74835671776387,0.0562980761302947,6.53752989456794,1.97318586572747,16.1734353240999,2.86978889972308,1.027122866452,Viral Rebound,1
9,1560,7.91264004523975,2.75085739877369,0.272382074926369,6.53305960891507,1.61262068917143,16.1364784377261,3.40706830111798,0.455742336529113,Viral Rebound,1
10,1560,7.75950939036598,2.74370244508677,0.406217644211414,6.46271568180095,1.89663837750361,14.820567750325,2.20174422299366,0.314362654561428,Viral Rebound,1
1,531,8.28174061959994,2.73348183514924,0.505968319886897,6.64820548721402,1.21536092920971,8.50074956515233,1.42368063548741,2.12746270517416,No Viral Rebound,2
2,531,8.3513301076227,2.68335711933175,0.323580974717887,6.49249678783526,1.17811355285689,11.6338145623094,1.28168045897511,2.17916368057796,No Viral Rebound,2
3,531,8.13766109173701,2.68335711933175,0.234408454858482,6.57524434658826,1.46080102576525,10.8195373438962,1.4176559005419,2.17916368057796,No Viral Rebound,2
4,531,8.13766109173701,2.69108497705762,0.234408454858482,6.5327154819662,1.59606128589482,10.5259721970185,2.09363921011582,2.17916368057796,No Viral Rebound,2
5,531,8.17940235644119,2.68638645641726,0.30333972400348,6.51803515183955,1.49865481077037,11.74014138845,1.56974187726329,1.76178781445762,No Viral Rebound,2
6,531,8.23835081518076,2.70897243706265,0.54138501586795,6.49475989937531,1.56979293574202,12.6258461629699,1.38641731020612,1.46176335274491,No Viral Rebound,2
7,531,8.19744898810277,2.73703162747806,0.422542986418499,6.48972423453235,1.62888088954973,11.4795591147578,2.20661081093354,0.938263727349224,No Viral Rebound,2
8,531,8.12227984252356,2.71194902921919,0.691850921782284,6.54990719050331,1.69782341733019,9.60244917295089,1.32333274234217,1.66538028036567,No Viral Rebound,2
9,531,8.18131037059104,2.65622530931692,0.322452163643315,6.5210317728125,1.43240917474435,13.791945669664,1.33424770614938,1.66538028036567,No Viral Rebound,2
10,531,8.2086818898549,2.6341387226793,0.483743786262705,6.53387853459587,1.31654745419537,10.6649981888223,1.32832021156854,1.50038877228214,No Viral Rebound,2
1,572,7.90937007965454,2.64988150566828,0.165784611224908,6.58238032849989,2.52625817310651,8.55392125784886,1.27604560863318,1.97457863672011,No Viral Rebound,2
2,572,8.07103732529672,2.57813672172717,0.210873619316794,6.53654996652981,1.67775178725834,10.9562127265195,1.77102247877969,1.08291388690596,No Viral Rebound,2
3,572,8.23039344553886,2.65305212459909,0.0650115482298512,6.44600668457377,1.71986409726831,13.3236317371059,2.2458487639589,0.758076373860161,No Viral Rebound,2
4,572,8.0437142850917,2.57646664232149,0.0380994878792232,6.51877070347752,1.56536370815471,10.2929699490868,1.17664751224046,0.151054686243066,No Viral Rebound,2
5,572,7.90897315549957,2.6309010372531,0.0276110079357285,6.33371119924841,1.62950370921131,10.9850246024683,2.07623528922805,0.655067351360848,No Viral Rebound,2
6,572,8.20744536928224,2.720776051878,0.0729466635871861,6.39192202386096,1.87856465980253,9.87528917417598,1.20874882416591,0.154531270830282,No Viral Rebound,2
7,572,8.07107898766703,2.57958806469798,0.0599742122230203,6.58439412745219,2.08471478932808,15.1131994795438,1.48799408468749,0.302419759949838,No Viral Rebound,2
8,572,8.03415224629752,2.7632521804217,0.0341387623558697,6.55074777068626,2.28786979633109,11.2721372210991,1.32651400244625,0.745509965475629,No Viral Rebound,2
9,572,8.08682386925321,2.69150185784605,0.15427976245487,6.45920619737667,1.75816130163494,9.87363205435714,1.85419546710188,0.337586616685159,No Viral Rebound,2
10,572,8.09084369140474,2.72829817333142,0.201106776506659,6.58185684146404,1.59887306519331,10.1391232244573,1.63801299820267,0.183338623336093,No Viral Rebound,2
1,597,8.09831214940903,2.64687841651125,0.41277573336929,6.53807219668601,1.8835804731676,9.16124218271216,1.77052539283566,0.616521582327907,No Viral Rebound,2
2,597,8.0811495220532,2.71319379272523,0.107158156122162,6.55239963065653,2.09173967679369,8.95735757825961,2.05659954952254,1.03041436205566,No Viral Rebound,2
3,597,8.129579397118,2.52174748724806,0.15811864873941,6.36770005039904,1.91105783574731,12.7203247723041,2.62722890724222,0.465618242380873,No Viral Rebound,2
4,597,7.91414079999495,2.73728157307611,0.0420942149609898,6.5409283154234,1.70908683327853,15.2245190951774,1.98787742750071,0.273192488509829,No Viral Rebound,2
5,597,8.04870371813473,2.62327770124309,0.0887800531514183,6.63634334488636,2.36266004563693,11.8351432800744,2.29733356607321,0.843953074868125,No Viral Rebound,2
6,597,7.99779025477311,2.64951266698833,0.151601152272246,6.4403798631206,1.59752964081316,8.34801505476664,3.72988718578157,0.811814599947168,No Viral Rebound,2
7,597,7.91532170057585,2.61470191535256,0.135394373751897,6.56719807406989,2.15252712811552,9.91778064718157,2.37136053979766,0.54716366693091,No Viral Rebound,2
8,597,7.88816636717326,2.57656651285972,0.016941726018785,6.50722543594865,1.71949024813197,13.3334075095273,2.86796248860545,0.434537203901375,No Viral Rebound,2
9,597,7.73769346394359,2.51063544971946,0.0796529047092743,6.62796958447055,1.52994135869553,11.6981912596243,2.79808469783521,0.3284329809495,No Viral Rebound,2
10,597,8.09178872652112,2.59284097427032,0.079326523458866,6.37067658596551,1.66028204870992,9.86721200794594,2.01372554132682,0.341979195925948,No Viral Rebound,2
1,623,8.04941090797892,2.6382134019586,0.0469230620468025,6.50730611762995,2.01275300028995,14.6280917574147,2.10554988571727,0.408725851760667,No Viral Rebound,2
2,623,8.29635786579045,2.56431469072966,0.155885797168121,6.49627402241884,2.98483073122376,13.2030561946402,2.68671617207332,0.561621472151575,No Viral Rebound,2
3,623,8.19397445373087,2.55884952492703,0.11274581387612,6.41943443934147,2.87345573469732,12.8755448917492,1.43397432281877,0.138972639123906,No Viral Rebound,2
4,623,8.41195782500311,2.82285606109151,0.208568531682873,6.51977229705286,2.08716755993546,13.3707023902879,1.57030629126951,0.280632525925471,No Viral Rebound,2
5,623,7.86006590251421,2.60106100457393,0.247321064431505,6.36841681319597,2.47547580050372,10.5741972713223,1.17935716588564,0.487140708477155,No Viral Rebound,2
6,623,7.8707986588414,2.88769624356098,0.201298435229244,6.56682609464628,1.81669705179478,11.6651857916049,1.70513238860148,0.207025085280924,No Viral Rebound,2
7,623,8.34588682713264,2.7007208759061,0.0810699497422584,6.54211069577529,2.29876388974537,15.0144863515336,2.18269467021802,0.930328914921743,No Viral Rebound,2
8,623,8.04327403308486,2.62257258632162,0.0695291949161014,6.28123659229614,1.9643402951478,15.1616414373208,1.64657956728374,0.826101956987424,No Viral Rebound,2
9,623,8.15985261484412,2.59453944997723,0.188200173613406,6.63741545581334,2.24923157906269,13.0901649485796,2.21559276580944,0.261856168769932,No Viral Rebound,2
10,623,8.18706201931155,2.73607057912145,0.0511248917891556,6.56450489147124,2.30333837951585,13.4667082706538,1.76141582678194,0.30614227708831,No Viral Rebound,2
1,664,7.9639366739738,2.74403553698234,0.101652423555786,6.48558025083536,2.75338839300397,14.1979587744622,1.12434568438323,0.314558628031875,No Viral Rebound,2
2,664,7.91404288393395,2.73182251731743,0.090130909307339,6.42365387487064,2.48903899706492,15.7871170132094,1.30946718463319,0.31796998221921,No Viral Rebound,2
3,664,7.97366995878792,2.56227227353189,0.0721382165150481,6.41625321806691,3.46866753284604,12.439309446161,1.531343468434,0.880657394440674,No Viral Rebound,2
4,664,7.96612543880614,2.76116344193869,0.0760130212375367,6.54518826646219,2.35144408599466,15.8239463080639,2.32114583487303,0.913365646354844,No Viral Rebound,2
5,664,8.00231598338105,2.7447833353993,0.137984482112736,6.58227763927278,2.55972809518533,11.5070614591866,2.88056189706695,0.0857706864327131,No Viral Rebound,2
6,664,7.998665591944,2.51955648372132,0.156084764812752,6.53593417152002,3.20466260062593,13.6682869068811,1.88118042875774,0.502479172895366,No Viral Rebound,2
7,664,7.97768113440368,2.64817834269355,0.151730032322649,6.4753462305691,3.13308213890416,15.8834684066392,1.48041355193435,0.329512823685548,No Viral Rebound,2
8,664,8.11271007646786,2.67381818990897,0.154637510456721,6.50475274168466,3.11976558426705,12.7680278520622,1.96538233945319,0.422130509423796,No Viral Rebound,2
9,664,8.04195744360229,2.58210898468256,0.221007866734282,6.33814410687327,3.55533277541728,16.9706899585506,2.73498637550133,1.4106247524395,No Viral Rebound,2
10,664,8.17658341111636,2.67629652662464,0.140362109571174,6.60843792071719,3.07230616195981,15.2066444058852,1.97818621645946,0.63460021075028,No Viral Rebound,2
1,682,8.29791586009205,2.62439896073542,0.107326628186475,6.49580619887723,1.18580084307814,11.1970745487995,2.61188136195227,1.28432006113527,No Viral Rebound,2
2,682,8.40319657425485,2.58657167082969,0.198371286928536,6.27476640034824,1.34372023460742,10.0139621514627,2.14441123041609,1.22951177103573,No Viral Rebound,2
3,682,8.25863615033137,2.73835564635635,0.123786517334936,6.46298060069238,1.10281200864333,10.0304079395385,0.94004659836778,0.505525148452519,No Viral Rebound,2
4,682,7.88936216871274,2.48803220900574,0.234406466492306,6.68844663787513,1.36923127548499,12.801067276855,1.28061813374919,0.300819683460439,No Viral Rebound,2
5,682,8.57150052645838,2.79516588445449,0.152894567283175,6.55919155274701,1.42569311694001,11.5581028181117,2.70205815488322,1.76458156603647,No Viral Rebound,2
6,682,8.40146466782998,2.52918599125334,0.373182494207034,6.46385578862859,1.41403077925627,11.7785991734355,1.58738484962542,0.516404847521224,No Viral Rebound,2
7,682,8.12744725328509,2.51751375251343,0.252694007902591,6.65054068080698,1.30422837405501,11.5560870070196,1.30967870030141,0.672041089474489,No Viral Rebound,2
8,682,8.23725456206776,2.49625829832226,0.0859330638666178,6.56797164719163,1.46158163736086,11.4253129916978,1.50063929581305,1.37851355510875,No Viral Rebound,2
9,682,8.31464731953352,2.73059838916362,0.0392155113565403,6.39247451666312,1.0041255967962,11.0733545372988,2.18965707648898,1.17972385533579,No Viral Rebound,2
10,682,8.33069434194913,2.51222385603808,0.279003790215105,6.51560195803564,1.56186467789356,10.3035801603517,0.927982772521264,1.23994195478686,No Viral Rebound,2
1,716,7.89795506496598,2.68985979198824,0.133655139937698,6.47747050912121,1.74280308487921,14.9677446159645,1.6089177125643,0.323225831000045,No Viral Rebound,2
2,716,8.11761631657174,2.72196452042333,0.648879854194798,6.34487494722955,1.93079240600515,15.2581679679691,1.85214802085451,1.85757576301665,No Viral Rebound,2
3,716,8.00107672426619,2.7046781289148,0.124687346161854,6.66504671142119,1.90759800937131,16.628336197343,1.77237953269725,0.408151683415228,No Viral Rebound,2
4,716,8.23025366486921,2.64964720082394,0.315015478863272,6.53841595838585,1.08437345316028,20.2037978330889,1.97073640886706,0.675062801325861,No Viral Rebound,2
5,716,8.10174976181516,2.55006907200608,0.20202234359093,6.5008466070018,1.77893519697346,15.5117051277755,1.82050793050997,0.330437219124646,No Viral Rebound,2
6,716,8.16313839209752,2.68866172741416,0.328860710563402,6.65774750127896,1.69721750579696,14.6580314696897,1.30152214435295,0.170223689758862,No Viral Rebound,2
7,716,8.09386674395072,2.6270562305763,0.0628924293234848,6.64502674552421,2.00226919486973,16.936859746468,1.90295695323976,0.627731260256159,No Viral Rebound,2
8,716,8.19772536100507,2.72791879912243,0.308377611100823,6.46859484092654,1.64524348453603,14.3922947548726,1.72499350084993,0.304417521869859,No Viral Rebound,2
9,716,7.84285647072625,2.53448558077678,0.116447558313956,6.35226515734389,1.86157032958531,13.9622395152164,0.993910686786102,0.578603856849939,No Viral Rebound,2
10,716,8.20505224446893,2.69922325019958,0.115277985040411,6.54123997203438,1.59693766051219,14.6235252312733,1.57579657448975,4.43685179683207,No Viral Rebound,2
1,793,8.01703094549548,2.59121261073563,0.0990426339072123,6.451888905215,1.19053474204618,11.2865967520557,2.34046363457945,0.483518489166943,No Viral Rebound,2
2,793,8.00984421294321,2.43319123567823,0.0557244056249751,6.48446699002133,1.15069865874397,11.41072060088,2.00692688276955,0.891309473365394,No Viral Rebound,2
3,793,8.39777088933892,2.65988972798594,0.0721514532858528,6.43541203282048,1.82499817121502,13.4851851201109,1.9332904093873,0.540974630023644,No Viral Rebound,2
4,793,8.22043416102453,2.65010291887399,0.157747130881163,6.47988000056992,1.12577512844968,11.1867913705849,2.13462955879599,1.64523473684337,No Viral Rebound,2
5,793,8.26425298773221,2.56296139588487,0.135137219357173,6.59874504087548,1.73896514560571,13.5477070125072,1.74020181681783,0.287672218069315,No Viral Rebound,2
6,793,8.3105373634709,2.64387846706616,0.254199852324246,6.48814682872157,1.58535772334126,12.0924690813906,0.953971998515994,0.419080305212584,No Viral Rebound,2
7,793,8.17731875820309,2.6174159247152,0.323945450294849,6.6098579251248,1.45672967989873,11.2321564146291,1.47377740758441,0.673071869610788,No Viral Rebound,2
8,793,8.03261586952569,2.6107210328373,0.134099917650686,6.58474222448034,1.42477102142575,12.2023923945312,2.94003815049896,0.763670943850345,No Viral Rebound,2
9,793,8.33015402876466,2.62073834805935,0.110554090755773,6.4103420058235,1.43455866012833,11.294361194855,2.13594117176083,0.197005780147599,No Viral Rebound,2
10,793,7.9838012109625,2.73605616627491,0.146643428767333,6.38641613476977,1.24866196861258,12.4632974514499,2.32198005566467,0.104216106674038,No Viral Rebound,2
1,819,8.16057317285139,2.45861010078314,0.12319736705161,6.44412597176811,2.43610498147718,10.8690585169801,2.13089011625314,0.282385313307129,No Viral Rebound,2
2,819,7.95159599039582,2.66507252960155,0.0798767150204436,6.59059371289589,1.96116833877862,10.8979986522912,2.19425162195488,4.33771566746136,No Viral Rebound,2
3,819,8.23500490840703,2.70953312755577,0.0750208927530347,6.56119554030035,2.20348328748112,13.3386381257972,3.25631284750905,2.56019022297979,No Viral Rebound,2
4,819,7.84670202544248,2.69916275701367,0.287508845186126,6.67453670579899,2.61650660437252,9.725801585565,1.74778946353218,3.63463296591909,No Viral Rebound,2
5,819,8.06039747590648,2.6489275188499,0.238730366449223,6.54468363353067,2.25038187999654,16.9895518579326,1.47949059332584,0.247455580999828,No Viral Rebound,2
6,819,8.11010328220815,2.47085319700988,0.130678421008783,6.53646034777929,2.11707634868699,8.77672108699607,1.57422025110253,0.320232709898461,No Viral Rebound,2
7,819,8.31798944675454,2.58957586513432,0.242678438171004,6.59588235771981,2.50205846609658,8.96212383993317,1.90583518565694,0.81251149120234,No Viral Rebound,2
8,819,7.99686004731276,2.50844610223347,0.0825521531139644,6.49664880237227,1.69281103047575,13.9295666560253,2.98365265636245,1.22981208188336,No Viral Rebound,2
9,819,7.95877732094868,2.66825379940295,0.177792004397356,6.57296755949415,2.39344544716368,12.4850275482642,1.40843874274043,0.89643923421326,No Viral Rebound,2
10,819,8.15559023502505,2.50222348876874,0.113951572670059,6.56609398508245,2.05576031610338,12.2530741823516,2.05941342496386,2.17193350979198,No Viral Rebound,2
1,826,8.1904724709724,2.51662701715964,0.212904618870285,6.4046539349194,1.37074770358896,17.4141992548219,1.48249410101101,0.860750807056379,No Viral Rebound,2
2,826,8.5337695642045,2.74256554240382,0.189660335180903,6.48567061766651,1.20053928985633,21.4460100664244,2.4439075324302,0.229426499664704,No Viral Rebound,2
3,826,8.18887525903463,2.62385926048565,0.187786141265243,6.60829990416578,1.20564933615111,17.3715791364361,2.19418038632749,0.737860194176964,No Viral Rebound,2
4,826,8.32724308364319,2.45542342290969,0.333822558924092,6.46203916544404,1.28526954331625,19.2122760264995,1.04391244022881,1.1344124547339,No Viral Rebound,2
5,826,7.89534451117991,2.75532340928205,0.0368142918557796,6.57764907377977,1.12846751380374,16.5734158616529,1.17908457624143,1.93499845695272,No Viral Rebound,2
6,826,8.07521708735963,2.62577172718129,0.0749327967322108,6.45455523937701,1.21287192920149,20.7566421224916,2.3711519860456,1.10579726096801,No Viral Rebound,2
7,826,8.28100927795638,2.6034949374397,0.0878124524827456,6.49745389915628,1.12571568567701,18.2072774841517,2.29308705251774,0.629893260164551,No Viral Rebound,2
8,826,8.08459842422871,2.48071475976007,0.0450483787576319,6.46703247042283,1.14411788099982,21.0287980961036,2.18303383098603,0.510392653824908,No Viral Rebound,2
9,826,8.49900686345079,2.69306210104104,0.129900095619483,6.59194163313489,1.21208586569568,20.7638407726344,2.46588048362807,0.614301434505825,No Viral Rebound,2
10,826,7.93431071625334,2.6572903087689,0.0354584269276999,6.53494786720159,1.272258739328,18.7274645342714,1.41391971789825,1.69404237795626,No Viral Rebound,2
1,891,8.07444106819292,2.59399391974861,0.297734541426303,6.53948440087112,1.64473112478604,11.7826907304045,2.06870475226843,0.39315980892283,No Viral Rebound,2
2,891,7.9846933171822,2.54348555527715,0.0399711474823143,6.4614111837329,1.39024237098178,13.4510699682624,2.38471244475905,0.0859227671231278,No Viral Rebound,2
3,891,8.18006838957697,2.65647830924835,0.0298484333407359,6.66786459365465,1.73385756205882,11.2458574970609,2.26324904746892,0.210359422852628,No Viral Rebound,2
4,891,7.97285474241122,2.71134959771079,0.0423995471065108,6.54461436394853,1.60390633772685,12.5539722989615,1.273111029768,0.0657473991261147,No Viral Rebound,2
5,891,8.40714506426249,2.70785285769841,0.254401907357734,6.53734913173255,1.6729595811549,11.9037878174312,3.04601960500354,0.367486765475832,No Viral Rebound,2
6,891,7.92058126084199,2.67937529533026,0.113295039013857,6.55572065298096,1.43700298620162,11.7389039551851,2.22448340409795,0.35393316653179,No Viral Rebound,2
7,891,8.12802752167967,2.50051982370442,0.235643566903816,6.45247700751208,1.7842959967204,10.4471730816934,0.851379699350467,0.74363217246203,No Viral Rebound,2
8,891,8.27190132595099,2.57812551863214,0.283746439846448,6.53663588855521,1.83391322367822,12.4346728531757,1.38238135630218,0.229111884476654,No Viral Rebound,2
9,891,8.16424325588001,2.49678590030096,0.210535459430855,6.50564736344882,1.23569935007054,12.7861387460827,2.91339315745412,0.731806978675596,No Viral Rebound,2
10,891,8.32315451944525,2.69805084714923,0.103681594787093,6.51154435287379,2.09676538298326,11.8113092768216,1.23447524607643,0.210736795560667,No Viral Rebound,2
1,913,8.0039721331449,2.64224937674031,0.287936859487557,6.48470101676523,1.71532162489052,10.0821793950868,2.1553523649211,0.45714958095409,No Viral Rebound,2
2,913,8.01910695041819,2.53468328122716,0.118150732160521,6.40359466085318,2.27348036833332,8.47838639067021,2.14271431353822,0.361992449257948,No Viral Rebound,2
3,913,8.05800284564906,2.77697832012223,0.0636084961379607,6.55550777196329,1.84481869387342,10.3942963344137,2.04436255691495,0.355665624511387,No Viral Rebound,2
4,913,7.97562434384931,2.53513783539102,0.0795059177376691,6.5715440560987,2.18462259516123,15.4236461572741,2.27281848084294,0.158601659171252,No Viral Rebound,2
5,913,8.0947074255869,2.70586947660981,0.0749671688381394,6.46275972618475,2.35422660950484,13.8468838154344,1.72613094009533,0.190933386857859,No Viral Rebound,2
6,913,7.86906198452965,2.78859159921782,0.0285637988786139,6.51969433490773,1.86023864545205,7.96510142816428,1.18592189419541,1.19398170286028,No Viral Rebound,2
7,913,8.19094643456554,2.61012769955682,0.13198351432287,6.47691580034312,1.97613404246916,10.9641897619559,3.08097269437376,0.184552610121754,No Viral Rebound,2
8,913,7.97719717687497,2.52887576852649,0.0726243528616416,6.35108502622279,2.03080969051937,17.0635643064499,2.08969591136301,0.117266206361907,No Viral Rebound,2
9,913,8.04550696936903,2.72842579284997,0.0703424029062159,6.54482246737498,1.8033208958408,8.51815697509775,2.42130674227404,3.80137006790843,No Viral Rebound,2
10,913,7.95256878713003,2.52438966802116,0.339483414277292,6.43099493828898,3.06096724053382,10.5859039145204,1.4257676999676,0.827523506650511,No Viral Rebound,2
1,936,8.03486076541394,2.51210821313677,0.236908167203823,6.37808263816052,1.8948894809936,17.8308598470936,1.82801203627497,0.324231680224716,No Viral Rebound,2
2,936,8.06792168296982,2.70765804117096,0.359518416507052,6.65837675927675,2.93573579358974,17.371354283369,2.05951033562345,1.69346486061956,No Viral Rebound,2
3,936,7.89495193675487,2.65917957668837,0.698853498352325,6.39631277721763,3.08861953546389,9.97893067990709,1.7567171223173,2.85921383035904,No Viral Rebound,2
4,936,7.79141122035458,2.56426350465005,0.151942290923467,6.48563945875195,2.22159095046034,16.6145663718451,1.43802162608258,0.960434951720465,No Viral Rebound,2
5,936,7.75397109790267,2.55514380280634,0.144064733872163,6.48363115691307,2.25861999662505,16.3010656689383,1.90490570375514,2.02583743488189,No Viral Rebound,2
6,936,8.02259375607805,2.76735649191333,0.308284629453708,6.65451945536511,2.82869507674425,16.9245453585205,1.45946902602627,0.664828417354896,No Viral Rebound,2
7,936,8.01966783294843,2.62117978528582,0.300020670049175,6.57977523344924,2.59153672802919,17.1272832243771,2.42401796989885,1.50123185728798,No Viral Rebound,2
8,936,7.98701205868753,2.58926386525658,0.104475493441591,6.53029256602411,1.57080700303318,20.7703929494105,1.91349608532854,0.76072386076631,No Viral Rebound,2
9,936,7.77916232983636,2.53028371382696,0.583779157499019,6.54183771211618,3.65293761068456,17.2356975596783,2.65526011896942,1.37642665189691,No Viral Rebound,2
10,936,8.03759710167747,2.68047664843044,0.368691226626064,6.57770483047444,2.34259521250628,15.5057979088669,2.25478028069993,1.7709053090674,No Viral Rebound,2
1,984,8.06429975573784,2.67320637588632,0.0344273380617685,6.4994476378859,1.35823428710567,15.169236843166,1.33180384852823,1.96511705004485,No Viral Rebound,2
2,984,8.13644190415161,2.70453673197012,0.452872760774535,6.4444765498448,1.64156185016595,12.4022272346097,1.84230261855713,0.295469094387421,No Viral Rebound,2
3,984,8.14915244065725,2.56243016667035,0.24180258551647,6.5622573276888,2.23998573911899,15.8825262206249,1.3618501116346,0.324696985623402,No Viral Rebound,2
4,984,8.05118929000358,2.66297314288599,0.117049004283429,6.52669789495387,1.49493778562839,15.5979804257164,1.73978387457497,0.514402377189208,No Viral Rebound,2
5,984,8.02847737698925,2.59636607047124,0.229889744251929,6.47318064689017,1.66767755361369,15.8891681584938,2.08087390162356,0.157977396771121,No Viral Rebound,2
6,984,8.09747837022662,2.67806489751754,0.0976395663524874,6.44460953548336,1.47991769842669,17.2751855975176,2.14318078077653,0.230756475396712,No Viral Rebound,2
7,984,8.21079132848655,2.74166141712064,0.489639784746146,6.4709018002479,1.60382022299018,14.3988834648049,2.25777345539738,0.171137009828844,No Viral Rebound,2
8,984,8.07033608656622,2.58054939113263,0.0971016526278124,6.48896997912681,1.84225446202832,15.2728891267851,1.9308448222305,0.619749951313922,No Viral Rebound,2
9,984,8.08422039949567,2.52299123221449,0.131056204005873,6.42266969003892,2.09669007804944,13.6593433198299,1.55454350942166,1.56416522884832,No Viral Rebound,2
10,984,8.15988758028456,2.71080054127113,0.103110607449755,6.41507429134408,2.33794923437774,15.2003218714675,1.54169099913786,0.593721396342989,No Viral Rebound,2
1,1054,7.9285708208457,2.6415883306794,0.23766000301676,6.50059912304322,1.42419769879602,11.7838851713666,5.81511190439447,0.54010971141345,No Viral Rebound,2
2,1054,7.93044604545834,2.63859727071483,0.113827110495219,6.48836663769388,1.88432599760466,11.1106346099207,4.04753824125357,3.76849625738482,No Viral Rebound,2
3,1054,8.00628986555091,2.81425680914504,0.129553235632857,6.44730425894887,1.86584331991843,12.2256411829368,2.88902285081703,1.22063974546007,No Viral Rebound,2
4,1054,7.90209119840795,2.70028672852023,0.225745686350363,6.3903139651977,2.26478200592355,10.4069570537098,1.92953941389412,2.17389911159012,No Viral Rebound,2
5,1054,7.98725045958465,2.81576062067162,0.345616284947119,6.43866842591845,2.61015093367527,11.792834208792,2.75285528224355,0.825331903892692,No Viral Rebound,2
6,1054,7.85382083538869,2.71752637748793,0.298013680570349,6.57803828257,1.93042584506855,10.8557765316995,1.67480135337079,0.797084864525689,No Viral Rebound,2
7,1054,7.89941843156647,2.6740635552546,0.225770045079887,6.36416991624147,2.23005918941354,12.167050833424,2.81232358362823,0.390730214988178,No Viral Rebound,2
8,1054,7.90709878156789,2.7609309721785,0.141580218782118,6.39878101998406,1.91697367906484,10.9586086546433,2.45775240684956,0.445311482921698,No Viral Rebound,2
9,1054,8.06251580534744,2.8970080599188,0.21944304045377,6.4305386484543,2.26579552125177,11.8423131453601,1.89668524989524,0.361610022198095,No Viral Rebound,2
10,1054,8.01213771788069,2.71489945041679,0.437132445011725,6.50919918584036,1.79064972945054,10.5785276208277,2.54530698806869,0.919872101317595,No Viral Rebound,2
1,1078,8.02376730710015,2.73534588285237,0.140185188283884,6.39336328721766,1.64850678532866,12.3517531586284,1.8646025675163,0.298502206287792,No Viral Rebound,2
2,1078,8.27834543324096,2.61875281440858,0.335688766214007,6.40276591431198,2.07739621102882,11.8467063687775,2.34743201748902,0.633013953842775,No Viral Rebound,2
3,1078,8.16718540283402,2.5861168139882,0.457749504141787,6.51944519740785,2.2598565219026,12.3455646414594,1.41176953025441,0.0601197430788009,No Viral Rebound,2
4,1078,8.11637586720532,2.59023228213286,0.184124830747554,6.43355620371657,2.42674715256646,11.8649092347641,1.12097181895005,0.738182145683774,No Viral Rebound,2
5,1078,7.91288555537088,2.62234115749126,0.340316213483127,6.4712350033397,1.94404959705124,10.6770733431678,1.27629336079117,0.709863613028622,No Viral Rebound,2
6,1078,8.15170420859794,2.59872340985289,0.138420133892678,6.51097339372923,2.52608068784033,12.1144981315197,0.741422988051126,1.04666424030991,No Viral Rebound,2
7,1078,8.19679824839498,2.62536283416024,0.462366061351821,6.6379615975263,2.05709475142704,10.0334634420315,1.59384614727819,0.439112069832642,No Viral Rebound,2
8,1078,8.25842844626142,2.5402744812082,0.130525036782829,6.53637374629271,2.35672312723011,21.5909292675943,1.86763881899172,0.185423338781184,No Viral Rebound,2
9,1078,8.23312744344289,2.58625370273862,0.208912271416213,6.55481233569682,2.12079159286717,12.0253085510853,1.89330366103659,0.339296838259979,No Viral Rebound,2
10,1078,8.27449875454073,2.86458288713505,0.169690481676501,6.53170665776199,2.05287855100087,10.9155229538181,1.60485234809685,0.921136336695535,No Viral Rebound,2
1,1123,8.19570965333174,2.71058070139664,0.0663397437469329,6.5220638955316,2.94003421829992,12.194549142365,2.71187978835438,0.571766436815344,No Viral Rebound,2
2,1123,8.16994443125153,2.69291786296108,0.0861370288490394,6.3846500500533,2.2424249631846,10.7061502888894,3.24047957096115,0.118640335536303,No Viral Rebound,2
3,1123,8.09580888595866,2.48230425087505,0.0540805192195509,6.42858325716074,2.37799298831468,9.51324268762421,3.59920684440068,0.377604039734883,No Viral Rebound,2
4,1123,7.97342856797416,2.58938292551413,0.0451178385245859,6.57496048929881,1.94776632084742,12.2296457719284,3.02509112810342,0.632557532284534,No Viral Rebound,2
5,1123,8.05353541400454,2.57394464872932,0.0812243582798681,6.62724115583587,1.8138466260129,10.1089095894435,2.93526085881652,0.0851027321109921,No Viral Rebound,2
6,1123,7.9376023055621,2.624642298236,0.0398318375902943,6.4112008090147,2.23240146039121,11.6529185668294,2.89927562722947,0.398917555661785,No Viral Rebound,2
7,1123,7.84507627041934,2.72167217591196,0.165933761840586,6.49770900057383,2.20873730424174,10.8344868927686,1.67499085798727,0.465749347403694,No Viral Rebound,2
8,1123,8.14407077832721,2.6388962166749,0.0890691935814617,6.54574208131516,1.69912086860795,9.85109050988743,4.85733969092454,0.329338218274679,No Viral Rebound,2
9,1123,8.1634943632028,2.64480662271398,0.0360991103321273,6.39963911993355,1.96735495862487,11.6464103006717,3.06455071990351,0.39794824801861,No Viral Rebound,2
10,1123,8.06810023202563,2.69580766719927,0.0714141902653763,6.49083115735322,1.76857437235123,10.73880036599,4.36325491935847,0.746794922360341,No Viral Rebound,2
1,1128,7.91689130778226,2.61977011667482,0.368730352472796,6.52543315969677,2.09721621691849,11.1001383061988,2.1129851575837,0.897477415785197,No Viral Rebound,2
2,1128,8.1376826322403,2.69698353987494,0.28534234750014,6.40896511534915,1.72107849506661,9.96121859324334,2.93686058779766,1.60445515748098,No Viral Rebound,2
3,1128,8.12356266733925,2.61985887562546,0.396507216775358,6.4137607438698,1.49680549873812,11.5588160628954,3.7193812764632,1.10012140910198,No Viral Rebound,2
4,1128,8.06208845865694,2.64107772716605,0.254754470943792,6.63706635239412,1.24002553741469,16.5844406711858,2.36133218358185,0.688693369436546,No Viral Rebound,2
5,1128,7.95118480953607,2.63106020062865,0.246734008411861,6.40306029967386,1.15586670241547,14.8960534790622,3.07106587467089,0.653632127828388,No Viral Rebound,2
6,1128,8.15398505601158,2.62850996275554,0.213853857057703,6.43281077629081,1.37102147737798,14.0514708290946,2.68606866390049,1.21756233900493,No Viral Rebound,2
7,1128,8.15349112487588,2.63889130832281,0.0362661813501914,6.5766654889971,1.96604535609936,18.2587805529435,2.98652593482708,2.25529645069365,No Viral Rebound,2
8,1128,7.94000532447147,2.46959101688892,0.328585419515301,6.51919062130462,1.29597776601872,15.7620002909167,2.71339808849774,0.452078421298753,No Viral Rebound,2
9,1128,7.90177347852474,2.70553148019524,0.261361141179906,6.52380799537218,1.77689740217794,11.2006868568639,2.52592621791204,0.6486848097085,No Viral Rebound,2
10,1128,8.22713047475537,2.60300619307152,0.358921396512998,6.40307884613586,1.19129560160706,17.5044271550943,2.14572328803784,0.249953634775786,No Viral Rebound,2
1,1135,7.97858947891246,2.65984920544719,0.155774652096772,6.44850012097418,1.84475346085462,15.1792069685045,1.65190273292977,0.422916961833757,No Viral Rebound,2
2,1135,7.888406895452,2.58053784889031,0.0975152502379601,6.73031554963361,2.05006669118194,16.2954616306927,1.64637969325409,0.209383460307897,No Viral Rebound,2
3,1135,8.30933678549904,2.74056401190017,0.220532463152263,6.52221256411116,1.76913455441089,14.822324519033,1.84046713226059,0.204806184113069,No Viral Rebound,2
4,1135,8.43058633441798,2.68429959331355,0.201575936824925,6.4596506147361,2.00726491498806,14.7770596375512,3.34909876125895,0.522903752597315,No Viral Rebound,2
5,1135,8.29175638169196,2.65217354886359,0.0505914104301358,6.57937041986435,2.25812071104564,17.9341907513253,2.25176633387986,0.270574830689905,No Viral Rebound,2
6,1135,8.10795789560424,2.72832890970019,0.108071777582773,6.40130029109188,1.70128405647222,13.115660541988,2.38371017208781,0.477253093942372,No Viral Rebound,2
7,1135,8.08770605662916,2.81522352557133,0.0126396268473754,6.55933648755078,1.66855335729395,16.2738225881422,2.81846774744144,2.84875726587737,No Viral Rebound,2
8,1135,7.97340735457452,2.71150513308556,0.0893948572174548,6.42272158350249,1.44033621405264,14.51793111527,2.35642502655035,0.613556218137749,No Viral Rebound,2
9,1135,8.0522951819729,2.56919543118855,0.0627544144873926,6.48483395598687,1.97914235849029,15.6648648023965,2.75251884714148,0.456734301078105,No Viral Rebound,2
10,1135,7.99594933284563,2.63238415202867,0.159345538505919,6.55999716254554,1.65133458098153,14.2051173352519,2.60315274805114,0.311506784563204,No Viral Rebound,2
1,1212,8.59542447200639,2.57023166017974,0.768868793970059,6.38919037276742,1.24651850968834,13.1875609346377,2.27998350803206,1.00638370643461,No Viral Rebound,2
2,1212,8.37975467584869,2.55515291204997,0.278560988679837,6.60176675976253,1.01686501097808,13.4097908983509,1.51621653863336,1.32831231562078,No Viral Rebound,2
3,1212,8.39827619333657,2.6293616365836,0.14171395539309,6.48606431423003,1.02947477495615,13.6483765245772,1.46421580201185,0.478492984888963,No Viral Rebound,2
4,1212,8.31451802582301,2.64955084884342,0.0537869505760832,6.49286771420701,0.912357406016874,12.1109035285256,1.11185186108605,0.251088498219614,No Viral Rebound,2
5,1212,8.13178725994706,2.63545312772288,0.123457699510505,6.44000044105843,1.15300169569705,12.0850046658449,1.42786597975963,2.20042569142603,No Viral Rebound,2
6,1212,8.2680883165071,2.4786320879237,0.315401631276214,6.57892611307019,0.949190421493286,11.4449958342197,1.00000156060993,1.59911179977218,No Viral Rebound,2
7,1212,8.55111884247663,2.68102562236946,0.557022272171673,6.36969980801551,1.19756323007673,13.241650549835,1.33897028022929,0.152073940926943,No Viral Rebound,2
8,1212,7.90239319322385,2.83235470293709,0.0951389665924087,6.47972546801745,0.906946644258747,12.4758680646037,1.29655492872984,0.765164259222847,No Viral Rebound,2
9,1212,8.30689854876242,2.5171610889753,0.156447757778276,6.56968182571658,0.988262125422067,12.2239288078697,1.06033920976695,0.34648097347853,No Viral Rebound,2
10,1212,8.55326137578454,2.61646998944036,0.0197795001040171,6.43056056387412,1.30787441967255,15.1526469702893,1.89178000207083,0.257094471048817,No Viral Rebound,2
1,1235,7.95106981329973,2.88821693223286,0.0878069254367815,6.56955741992575,2.04759753807442,12.1447926666642,2.36419388691877,0.518472672085182,No Viral Rebound,2
2,1235,7.97208694656945,2.6419578952065,0.271114987119992,6.4957734513585,1.88177970944607,11.7193821750224,2.67740465440025,0.76521395520693,No Viral Rebound,2
3,1235,7.90956017123212,2.77223466194921,0.118573024572969,6.52918636807176,1.99526435679636,11.5015181741142,3.21084884630945,0.407795886647213,No Viral Rebound,2
4,1235,7.89153129437207,2.68121678144695,0.101511257606336,6.38101078282201,3.0986776559122,10.0878852808449,1.9399783212462,2.47869809925675,No Viral Rebound,2
5,1235,8.23224393471263,2.70350153539561,0.257965715963109,6.44997633601817,2.31564236117595,10.7473728093803,2.6696263298922,1.1993065595704,No Viral Rebound,2
6,1235,7.74151391990723,2.59436557856096,0.229644994771425,6.5927074828761,2.39470764535631,11.5858074260214,1.84083026323504,0.966407853501052,No Viral Rebound,2
7,1235,7.84615944601518,2.53183590115168,0.471892516970975,6.51350303253113,2.45810432774802,9.23078621948059,1.81904249562585,0.386346063177162,No Viral Rebound,2
8,1235,7.82546652940061,2.72452674080008,0.0789657465448298,6.43856211327728,1.5905904639221,11.2091906426547,4.5909469886508,0.783534441499831,No Viral Rebound,2
9,1235,8.15415562487977,2.61255474540124,0.168505006332655,6.40767945748604,1.95558140560807,12.6212096288372,2.90816114767581,1.29091564383469,No Viral Rebound,2
10,1235,8.13132678088216,2.73307348485435,0.108311539344959,6.36283972780508,1.82505904483738,12.0286331383773,2.93592740936276,1.21227924146376,No Viral Rebound,2
1,1236,8.0305046819213,2.64677720890728,0.190245446348076,6.46684178348254,1.64183752830415,10.3409355140306,2.2077049191903,1.24842054582843,No Viral Rebound,2
2,1236,8.13314770811757,2.5529556117177,0.402371973835527,6.37164427584264,1.84490050444079,13.0468430067463,2.66823870219342,0.215478272623331,No Viral Rebound,2
3,1236,8.06015522483069,2.75499915001114,0.103687719606953,6.40021082365584,1.93839914634641,12.2951021700205,2.4194510624655,0.651384683923769,No Viral Rebound,2
4,1236,7.92589390543467,2.58457032031209,0.0976543102844772,6.22632201967829,1.75148234901992,12.0415773661519,1.88054466382723,1.27118778429888,No Viral Rebound,2
5,1236,8.15661586738619,2.60634665412357,0.445580233229889,6.40659165733713,2.06956666404142,11.0174373144627,2.70468220123972,0.463936165867888,No Viral Rebound,2
6,1236,8.04065786114646,2.55544707934173,0.643588077874632,6.38738713164006,1.83625343706699,11.6992427414766,3.22210743946536,0.545001304210249,No Viral Rebound,2
7,1236,8.07243778283711,2.63963117205901,0.151570233323096,6.48757128112561,1.85198327039119,14.6553705207062,2.42491541716139,0.190297283710727,No Viral Rebound,2
8,1236,8.17671182562044,2.73670001967507,0.228383550478421,6.48567046800318,1.39020624787757,13.920883605761,2.97406301558932,0.816083008645385,No Viral Rebound,2
9,1236,7.97301647997975,2.67319416933484,0.130887650847035,6.58134216770902,1.82310577495282,12.6845122755663,2.18345056085452,0.897135609604854,No Viral Rebound,2
10,1236,7.99803569853957,2.73283245716109,0.207557568159123,6.43589425758923,1.64588903892076,14.8775088796421,2.23112476418068,0.519789599825659,No Viral Rebound,2
1,1345,8.13054361797216,2.5164137055483,0.0660029348105392,6.72628705962497,1.42545248441041,15.5441544929499,1.76088446653005,1.27447289750261,No Viral Rebound,2
2,1345,8.16442031092036,2.66230803414216,0.0454275440579679,6.50789762744967,1.26149428491002,17.024684396027,1.04647963714027,0.851985596857059,No Viral Rebound,2
3,1345,8.33542658316638,2.69744649676617,0.257986026583028,6.62488519370305,1.46862387278826,10.4400483492579,1.62280428648469,0.104779357690237,No Viral Rebound,2
4,1345,8.34194723072429,2.60513875966067,0.117274894512527,6.4449867102625,1.26256642405456,8.7266209376965,1.66797397355487,0.259885075145701,No Viral Rebound,2
5,1345,8.4697234520894,2.55713934882554,0.285056801989649,6.53030507305744,1.69573801108756,10.2311658365694,3.08242516282905,0.335261081736327,No Viral Rebound,2
6,1345,8.3583152602028,2.70690569538487,0.0683878582331016,6.57748825986725,1.23260992569115,10.5475016971998,1.5434454706061,1.15930732616908,No Viral Rebound,2
7,1345,7.9588959331262,2.61607462356397,0.205965992245159,6.45779022454267,1.76345002099136,18.8640002554641,1.44348788269784,1.3059180011938,No Viral Rebound,2
8,1345,8.36975884789032,2.6920712640962,0.25191416362446,6.43984294880894,1.79809678966184,13.887834867825,2.88600795275779,2.02353778189353,No Viral Rebound,2
9,1345,8.02986236349956,2.4791545672903,0.338090872727413,6.37277427738572,1.61999569903807,13.6321015758083,2.61814230491719,0.95096160735854,No Viral Rebound,2
10,1345,8.06778157601959,2.55003219411318,0.206104547471713,6.28846132697031,1.88807699927914,12.1481287510685,1.13803672318722,1.2577769211556,No Viral Rebound,2
1,1347,8.11089921896646,2.51021504366215,0.185652815191565,6.34635671899146,1.23932482462424,16.6461969776193,3.89197564826557,1.43909239995837,No Viral Rebound,2
2,1347,8.15657951169371,2.74339788851915,0.142297751236776,6.62058219721484,1.21843943310749,11.5743644760151,3.04221964887368,2.69209591687016,No Viral Rebound,2
3,1347,8.16441767880416,2.77107488731519,0.16755445475688,6.37992738000684,1.00223654531687,15.4011412427194,2.64154414017892,0.800378779519091,No Viral Rebound,2
4,1347,7.87567156771321,2.66424312589864,0.154579238239403,6.6238376187282,1.05509509052542,10.6432766310494,3.88987841941609,2.13737420047894,No Viral Rebound,2
5,1347,7.87376140734278,2.7181264962373,0.458494132285242,6.45544433244388,1.06091030039216,14.2701298646384,2.89782899256139,0.493295679485942,No Viral Rebound,2
6,1347,7.99747272719345,2.66066023325856,0.497281317271549,6.6085797792812,1.45156687455231,13.8374051242941,3.02146975929039,0.567340221398603,No Viral Rebound,2
7,1347,8.10528849461651,2.73303675538513,0.689268635833352,6.64671937842187,1.19695657076751,16.1544630387704,2.95032514817791,0.157726645014399,No Viral Rebound,2
8,1347,8.01500175522291,2.86947769651984,0.688331058274724,6.51284581477605,1.78387312161964,11.7339568459765,2.39441402860806,0.933020462548356,No Viral Rebound,2
9,1347,7.84848556017193,2.72946568878337,0.151237051948054,6.33093276091651,1.54766455048966,10.8815498697866,1.85634700445981,0.714474561517189,No Viral Rebound,2
10,1347,7.96635960535846,2.72223572256532,0.263910208430091,6.4974981323603,1.14835179648752,14.6998054973748,2.38893381256293,0.215816199563639,No Viral Rebound,2
1,1420,7.85146540574133,2.56312832839432,0.0415338862968119,6.35519355212833,1.48246347722904,12.3596288704696,1.73805310124553,0.224485556055266,No Viral Rebound,2
2,1420,8.18980236984932,2.54339645439967,0.137447597947053,6.56313303448112,1.57754453958126,12.2370235035905,3.36895233436703,0.848064980104982,No Viral Rebound,2
3,1420,7.90331033511169,2.46268076669353,0.253886896409028,6.44010543133489,1.76702475447699,11.1821787771082,2.05009344160084,0.770505314049002,No Viral Rebound,2
4,1420,8.2557504953787,2.69301243626776,0.117499288643766,6.44255072197796,2.3194572197474,10.4662456992903,2.401660065065,0.43552262298214,No Viral Rebound,2
5,1420,8.01932426485288,2.67412683602074,0.132065134041051,6.5011305992571,1.6826828919914,12.5665425163288,2.15384107109934,0.248124921772553,No Viral Rebound,2
6,1420,7.95095425530991,2.44844710782322,0.0583901055307433,6.40065399452327,1.93691451410578,12.0296212024566,2.82316419553859,0.356388835178073,No Viral Rebound,2
7,1420,8.33894090428347,2.68957452677558,0.0210877211320227,6.41685180200535,1.87556339267559,12.8633459468109,2.16678850746242,0.133548298637787,No Viral Rebound,2
8,1420,7.94109332114886,2.62311427390607,0.0595324529192897,6.49064699419311,1.89588023688464,12.1936842346406,2.39344301413958,1.01830885616828,No Viral Rebound,2
9,1420,8.12480325383978,2.67166214246818,0.117040482975713,6.48133173925123,1.81171243141078,12.4127364684096,2.14245663837607,0.857703270824356,No Viral Rebound,2
10,1420,7.9006724320392,2.60504479773153,0.0698118758956152,6.3786034795978,2.13719665898226,11.7583572413023,2.37049055361168,0.396434538188732,No Viral Rebound,2
1,1456,7.80056800231212,2.58835546943156,0.505050904906531,6.53098954977601,1.78519428645601,11.5575422693737,2.08260580421557,0.142158840812432,No Viral Rebound,2
2,1456,8.06410684251922,2.66320139127298,0.33044702463493,6.39799098361035,2.03150503742585,11.795322601729,2.51696359958904,0.779519102872402,No Viral Rebound,2
3,1456,7.77171946903048,2.60178945132934,0.0935412432172632,6.44333947139226,1.97234562558676,11.7759719709189,1.95951253921289,1.62947443158589,No Viral Rebound,2
4,1456,8.06396860964384,2.67437447125614,0.256026744962117,6.5450736249891,1.66885920719276,12.4152909988238,2.22437353247531,0.576073628200126,No Viral Rebound,2
5,1456,8.0184388302281,2.73299953010368,0.214695260489989,6.44436601204543,2.85726929599267,12.7771207181158,1.65185834475136,0.259975878008157,No Viral Rebound,2
6,1456,7.84383518343149,2.58771531909257,0.163772571865224,6.35315208565501,2.01071233041239,11.7662249318961,2.05457521666977,0.329923989930978,No Viral Rebound,2
7,1456,7.89790395139471,2.62253134885803,0.42625203422452,6.49137666313515,2.31551134986021,9.95018637960669,2.53594856862069,0.399679951646777,No Viral Rebound,2
8,1456,7.92369569172999,2.75632512466863,0.2381249157863,6.30410881648013,2.03832557339759,11.6103217796074,1.89713878828971,0.363859126813221,No Viral Rebound,2
9,1456,8.02745418317538,2.75899415973852,0.245080380717932,6.5057399257719,1.63373855607111,10.5828593374386,2.12547973926839,0.972035225434005,No Viral Rebound,2
10,1456,7.96925648000218,2.79120314626632,0.161941291527145,6.49393337652519,2.02953742569334,10.0390463492638,1.55104094698293,0.945194711013958,No Viral Rebound,2
1,1472,7.87486688785557,2.78817449519713,0.0434237558427641,6.49549407235307,1.85433100760169,13.6381602041063,1.79364324366449,0.807600218753602,No Viral Rebound,2
2,1472,8.07587257313735,2.7996302165356,0.463943844570884,6.34323811942529,2.25418702958424,10.9018627435948,1.67493746030885,0.259683731887276,No Viral Rebound,2
3,1472,8.151020075349,2.60607386993979,0.0992792585020013,6.45496738408896,1.85003990042282,13.8605290006705,2.34733506605097,0.776659236278487,No Viral Rebound,2
4,1472,8.19546585233241,2.57890575132706,0.0338073159063236,6.3857965516009,1.98369183212672,14.5348135454872,1.80761296116677,0.911324337097492,No Viral Rebound,2
5,1472,8.02466192891468,2.62227112932351,0.166477275167112,6.61345501708189,1.67999650810482,13.9328726282239,2.6784856640732,0.455330251955872,No Viral Rebound,2
6,1472,8.01607812606449,2.51120600343238,0.145374924502993,6.41930655367881,1.57080297785761,13.5198991215409,2.02915455258695,0.206833287319127,No Viral Rebound,2
7,1472,8.00697665985342,2.71670111681361,0.193703900824465,6.42560878878907,2.16945766073645,10.875501958668,1.01355590083206,1.23741451502118,No Viral Rebound,2
8,1472,8.20185071009935,2.76328502605602,0.412200782833709,6.4527953023,2.16358028875078,11.7971702599836,1.44724597087154,0.667371375072919,No Viral Rebound,2
9,1472,8.03374554631137,2.50344597452024,0.145977824795373,6.36499634525513,1.80602827992112,14.1257022276582,1.49843608452407,0.591701544596143,No Viral Rebound,2
10,1472,7.99624237256508,2.5031054118713,0.147555529342807,6.68495561786523,2.15299859588916,14.5100678641547,1.16180088113938,0.219939508773312,No Viral Rebound,2
1,1473,7.8279873760037,2.54886959478099,0.216274379080789,6.57588146479343,1.02223412872248,14.360162566955,2.22654935590191,0.65350342342585,No Viral Rebound,2
2,1473,8.40154619763049,2.65966280263463,0.093371670832111,6.44420988726176,1.06043705629205,13.4980243916503,1.10008238455865,0.228719400403381,No Viral Rebound,2
3,1473,8.17348587419756,2.63254231807831,0.223271140068731,6.48224346071317,0.794885098690887,12.1328781256258,2.48497832976943,0.990396822511779,No Viral Rebound,2
4,1473,8.37446207461458,2.72511892789589,0.24648276511712,6.5248304397938,1.26502627318751,13.0487179858702,1.50972754504935,0.524914507667683,No Viral Rebound,2
5,1473,8.02718368268046,2.6372947114466,0.104617473450388,6.60048339812591,0.888793379172383,13.6014971935965,3.19057542033062,1.04133639595923,No Viral Rebound,2
6,1473,8.2324074671711,2.54786838911349,0.128656716175696,6.4583017413379,1.20860367121909,14.7611305007259,1.19834021122912,0.161695309903405,No Viral Rebound,2
7,1473,7.98973729829381,2.53891723341089,0.0884308342906298,6.26526871101146,0.939833043623517,13.3989438473033,1.8307447657538,0.191828760486832,No Viral Rebound,2
8,1473,8.29933961953049,2.71720060028434,0.133602027591578,6.3816700471239,1.10626690969925,12.8557983947827,1.48308182433645,0.268740230239627,No Viral Rebound,2
9,1473,8.47537591725333,2.76009389320768,0.222072595634261,6.48988154095249,0.658616461394899,11.8634819260696,2.72876725823982,0.577222961268607,No Viral Rebound,2
10,1473,8.45506292003568,2.54830820605051,0.0410154089343377,6.57776264998394,1.22543415306199,13.6434441451736,2.13042084193595,0.267576345873033,No Viral Rebound,2
1,1476,8.39320429970563,2.57255410681212,0.0549625639107207,6.45400873972369,1.80323044898518,10.7634760257677,2.89890244842795,0.818200726926778,No Viral Rebound,2
2,1476,8.06306119734501,2.50685377815504,0.0407561444994247,6.31976490018638,1.83871933664729,11.5568607493471,2.28938319252672,0.333096503441146,No Viral Rebound,2
3,1476,7.88788768045813,2.55760012784717,0.0641334565852717,6.65011797376472,2.6358310024127,13.1714576065282,1.72647914117121,0.94426383835564,No Viral Rebound,2
4,1476,7.98830055826257,2.53063127549651,0.295739162387674,6.60134598989128,1.53122279150315,11.0216518922892,1.92623687935813,1.15743436406071,No Viral Rebound,2
5,1476,7.7886804557437,2.73101746152517,0.192216544124235,6.27895664819146,1.38494587260693,9.00460801117104,3.27199409305014,0.536947847767977,No Viral Rebound,2
6,1476,7.93557082171152,2.54062413854685,0.265806978947753,6.43927031904038,1.44773297108342,13.5934169555567,3.34519940049443,0.723001978939445,No Viral Rebound,2
7,1476,7.96186811170526,2.81899043284009,0.141496712602698,6.50272103376353,2.70175095883711,11.8213290883499,1.08964604470371,0.471306564629844,No Viral Rebound,2
8,1476,8.22841617901038,2.71992813236432,0.0747563987289491,6.47599876921379,1.59399806208692,11.2862883725337,3.17039259409904,3.23054739088154,No Viral Rebound,2
9,1476,8.18190140618304,2.7155307063264,0.193139109482435,6.33653676348127,1.54003944381297,21.3574786674721,2.03009363321073,0.622123085979336,No Viral Rebound,2
10,1476,8.03837608412754,2.65947644855091,0.174387393250898,6.51031321240195,1.78393943535496,14.3111172753603,3.36875959498927,0.680041103091907,No Viral Rebound,2
1,1499,8.1386144455069,2.66313198823268,0.125460658384888,6.50268618126167,1.96316024890335,12.9427173698749,2.40935056678399,0.486145067237717,No Viral Rebound,2
2,1499,8.09190212619243,2.72365760732494,0.054933449225472,6.39946695501098,2.06577094342684,11.2224520100566,1.71138197006936,2.79626155487357,No Viral Rebound,2
3,1499,7.98877572928856,2.7898224513092,0.16601313362401,6.5519432363437,1.86128116125189,10.7520255863224,0.917417186561934,0.831169328549899,No Viral Rebound,2
4,1499,8.14103029364679,2.77078387583022,0.110475374643921,6.49996403686929,1.92920748144345,12.0236532267386,1.90465731503374,0.60795332128689,No Viral Rebound,2
5,1499,8.07504630354994,2.79655846887066,0.0789619698765603,6.57383844624892,1.88816947257832,13.8700446457303,1.91256863231681,0.203293540080527,No Viral Rebound,2
6,1499,8.03643584159444,2.64438430712037,0.0850972008784409,6.47789235618084,1.93039277292493,11.7807835101514,3.06675798533825,0.604412622444121,No Viral Rebound,2
7,1499,8.01403179005139,2.53559567592637,0.113140378253957,6.42805823114156,2.09019136545619,13.7406526432217,2.06890438964469,0.251610544527449,No Viral Rebound,2
8,1499,8.24482741976245,2.65425110355246,0.0272761498194113,6.5163331740311,2.36695028774802,13.6619858874087,1.92477005134267,7.25741183751347,No Viral Rebound,2
9,1499,7.90313516324933,2.55486945843412,0.0443894561103133,6.37275167531267,2.03798309123272,13.731141839193,1.82035265993051,0.525919472051153,No Viral Rebound,2
10,1499,8.22994943203368,2.74876197701488,0.164614667707829,6.54992915656747,2.02132985129441,11.5641043298475,2.46634590764532,1.42056423392911,No Viral Rebound,2
1,1538,7.94022629447979,2.63935116039915,0.0996879992286273,6.48914696479122,1.27096294149337,17.61623385586,2.33838973535162,0.4995533284755,No Viral Rebound,2
2,1538,8.22305207943596,2.58778683984169,0.122474059161214,6.55897190787288,1.44524566534797,14.4800139463127,2.92543764638439,1.99797350036071,No Viral Rebound,2
3,1538,7.98676624055511,2.91732551029571,0.213975190238695,6.51241145783075,1.27255696604222,10.9509585373996,1.79676926659565,0.906698745203494,No Viral Rebound,2
4,1538,7.80611677046438,2.74813258150837,0.340008422231599,6.43977813482111,1.63903910563647,17.4567548265628,2.21037886398725,0.510109330587147,No Viral Rebound,2
5,1538,7.96789211430657,2.64590859978743,0.0718341970724469,6.36883907031585,1.12321011782912,12.4630975860072,3.28499973642381,1.96644336747417,No Viral Rebound,2
6,1538,8.24534862248789,2.65510650387914,0.314667577695918,6.6450098672029,1.3972335615604,15.0424215085151,2.68410779612911,0.611517948022897,No Viral Rebound,2
7,1538,7.96054899586965,2.68891703065843,0.0593239495554145,6.29825425991429,1.6375016804478,17.2346979260471,1.36285747938648,0.811993845390402,No Viral Rebound,2
8,1538,7.88732981653008,2.58529564205821,0.10415005930918,6.52986755602553,1.00748615820365,14.3922504415223,1.79865657638596,1.40461328252523,No Viral Rebound,2
9,1538,7.96329315733238,2.77326315291561,0.27384731188496,6.5345896412755,1.1177726238829,11.4874111369524,1.93387939212406,1.85187828842388,No Viral Rebound,2
10,1538,8.04234696874346,2.74094027496377,0.647791481871545,6.64117945442317,1.17096028334954,11.0895942482686,1.99037874340363,0.709713872624829,No Viral Rebound,2
